121,86
121,87
120,88
120,89
120,90
120,91
121,92
121,93
122,94
122,95
123,95
124,95
125,96
126,96
127,96
128,96
129,96
130,96
131,96
132,96
133,97
134,98
135,99
136,100
136,101
137,102
137,103
137,104
138,105
138,106
138,107
138,108
139,109
139,110
139,111
139,112
139,113
139,114
140,115
140,116
140,117
140,118
140,119
140,120
140,121
140,122
140,123
140,124
140,125
139,126
139,127
139,128
139,129
139,130
139,131
139,132
139,133
140,134
140,135
140,136
140,137
140,138
139,139
139,140
139,141
139,142
139,143
138,144
138,145
138,146
138,147
138,148
137,149
137,150
137,151
137,152
137,153
136,154
136,155
136,156
136,157
136,158
135,159
135,160
135,161
135,162
135,163
134,164
134,165
134,166
134,167
134,168
133,169
133,170
133,171
133,172
133,173
132,174
132,175
132,176
132,177
132,178
131,179
131,180
131,181
131,182
130,183
130,184
130,185
130,186
130,187
129,188
129,189
129,190
129,191
129,192
130,193
130,194
128,193
128,194
138,134
138,135
138,136
138,137
137,138
137,139
137,140
137,141
137,142
136,143
136,144
136,145
136,146
136,147
135,148
135,149
135,150
135,151
135,152
134,153
134,154
134,155
134,156
134,157
133,158
133,159
133,160
133,161
133,162
132,163
132,164
132,165
132,166
132,167
131,168
131,169
131,170
131,171
131,172
130,173
130,174
130,175
130,176
130,177
129,178
129,179
129,180
129,181
129,182
128,183
128,184
128,185
128,186
128,187
127,188
127,189
127,190
127,191
126,192
126,193
126,194
126,195
126,196
125,197
125,198
125,199
125,200
125,201
124,202
124,203
124,204
124,205
124,206
125,207
125,208
125,209
124,210
124,211
124,212
123,213
123,214
123,215
122,216
122,217
122,218
121,219
121,220
121,221
121,222
120,223
120,224
120,225
120,226
119,227
119,228
119,229
119,230
118,231
118,232
118,233
118,234
117,235
117,236
117,237
117,238
117,239
117,240
116,241
116,242
116,243
116,244
116,245
115,246
115,247
115,248
115,249
115,250
115,251
115,252
114,253
114,254
114,255
114,256
114,257
114,258
113,259
113,260
113,261
113,262
113,263
113,264
112,265
112,266
112,267
112,268
111,269
111,270
111,271
110,272
110,273
110,274
110,275
109,276
109,277
108,278
108,279
108,280
107,281
107,282
110,283
110,284
111,285
111,286
112,285
113,285
125,292
123,293
121,294
121,295
120,296
120,297
119,297
119,298
119,299
119,300
120,301
120,302
120,303
120,304
120,305
120,306
120,307
120,308
120,309
120,310
121,311
121,312
121,313
121,314
121,315
122,316
122,317
122,318
122,319
123,320
123,321
123,322
123,323
124,324
124,325
124,326
124,327
125,328
125,329
125,330
125,331
125,332
125,333
124,334
124,335
124,336
124,337
123,338
123,339
123,340
123,341
124,341
125,342
126,342
127,342
128,342
129,342
130,342
131,342
132,342
133,342
134,342
135,342
136,343
137,343
122,324
122,325
122,326
122,327
122,328
123,329
123,330
123,331
123,332
122,333
122,334
122,335
122,336
122,337
121,338
121,339
120,340
120,341
120,342
121,342
121,343
122,343
123,343
124,344
125,344
126,344
127,344
127,347
128,347
128,349
129,349
130,349
131,349
132,349
129,347
130,347
131,347
128,344
129,344
130,344
131,344
132,344
132,346
133,346
133,348
134,348
134,346
135,347
136,347
137,347
133,344
134,344
135,345
136,345
118,301
118,302
118,303
118,304
118,305
118,306
118,307
118,308
118,309
118,310
118,311
119,312
119,313
119,314
119,315
119,316
120,317
120,318
120,319
120,320
104,327
104,328
97,328
97,329
97,330
98,330
98,331
99,331
100,331
101,332
102,332
98,328
99,328
100,328
101,328
102,328
103,328
105,327
106,327
107,327
107,328
107,329
106,329
106,330
105,330
105,331
103,331
104,331
121,321
121,322
121,323
122,294
124,293
124,295
124,296
123,296
123,297
122,297
122,298
121,299
121,300
125,295
126,292
126,294
127,294
128,294
129,294
130,295
131,295
132,295
133,295
134,296
135,296
135,297
136,297
137,297
137,298
138,298
139,299
140,299
140,300
141,300
142,301
143,301
143,302
144,302
145,303
146,304
147,304
147,305
148,305
148,306
149,306
149,307
150,307
150,308
151,308
151,309
152,309
152,310
153,310
153,311
154,312
155,312
155,313
156,313
156,314
156,315
157,315
157,316
158,317
158,318
159,319
159,320
159,321
159,322
159,323
158,324
158,325
157,326
157,327
156,327
156,328
155,329
155,330
154,330
154,331
153,331
153,332
153,334
153,335
152,335
152,336
151,336
150,337
154,334
152,332
151,333
150,334
148,335
148,336
148,338
148,339
147,339
149,338
147,336
145,337
145,338
145,340
145,341
144,341
144,342
143,342
143,343
142,343
142,344
140,344
140,345
139,345
139,346
138,346
141,344
146,340
143,338
143,339
142,339
139,340
136,341
137,341
138,341
140,340
141,340
144,338
146,337
149,335
127,292
128,292
129,292
130,292
131,293
132,293
133,293
134,294
135,294
136,294
137,295
138,295
139,296
140,296
140,297
141,297
142,298
143,298
143,299
144,299
145,300
146,300
146,301
147,301
147,302
148,302
149,303
150,304
151,305
152,306
153,307
154,308
155,309
155,310
156,310
157,310
111,283
112,283
113,283
113,284
106,283
106,284
107,285
107,287
107,288
105,288
106,288
108,287
109,287
108,285
109,286
110,286
108,284
109,284
123,207
123,208
122,209
122,210
122,211
121,212
121,213
121,214
120,215
120,216
120,217
119,218
119,219
119,220
119,221
118,222
118,223
118,224
118,225
117,226
117,227
117,228
117,229
116,230
116,231
116,232
116,233
115,234
115,235
115,236
115,237
115,238
115,239
114,240
114,241
114,242
114,243
114,244
114,245
113,246
113,247
113,248
113,249
113,250
113,251
113,252
112,253
112,254
112,255
112,256
112,257
112,258
111,259
111,260
111,261
111,262
111,263
110,264
110,265
110,266
110,267
109,268
109,269
109,270
109,271
108,272
108,273
108,274
107,275
107,276
107,277
106,278
106,279
105,280
105,281
104,282
104,283
103,284
103,285
103,286
102,286
102,287
102,289
103,289
104,289
101,287
97,288
98,288
98,290
99,290
100,290
101,290
99,288
100,288
66,288
63,289
61,290
61,291
60,291
60,292
58,293
58,294
57,294
57,295
56,295
56,296
55,296
55,297
54,297
54,298
53,299
53,300
52,300
52,301
52,302
53,303
53,304
53,305
52,306
52,307
52,308
52,309
53,309
53,310
54,310
54,311
55,311
55,312
56,312
56,313
57,313
57,314
58,314
58,315
58,316
58,317
58,318
58,319
57,320
58,321
59,321
59,322
60,322
61,323
62,323
63,323
64,323
65,324
66,324
67,324
68,324
69,324
70,324
71,324
72,324
73,325
74,325
75,325
76,326
77,326
78,326
79,327
80,327
81,327
81,328
82,328
83,328
83,329
84,329
84,330
85,330
85,331
86,332
87,333
87,334
88,334
88,335
89,336
89,337
90,337
90,338
91,338
91,339
92,339
93,340
94,340
95,341
96,342
97,342
98,342
99,343
100,343
101,344
102,344
103,344
104,345
105,345
106,345
107,345
108,346
109,346
110,346
111,346
112,346
113,347
114,347
115,347
116,347
117,347
118,347
119,348
120,348
121,348
122,348
123,348
124,348
125,348
126,348
51,302
51,303
51,304
51,305
50,306
50,307
50,308
49,308
49,309
48,309
48,310
47,311
47,312
47,313
47,314
47,315
47,316
47,317
48,317
48,318
48,319
49,319
49,320
50,320
50,321
51,321
52,321
53,322
54,322
55,322
56,322
56,323
57,323
58,324
59,324
60,325
61,325
62,325
63,325
64,326
65,326
66,326
67,326
68,326
69,326
70,326
71,326
72,327
73,327
74,327
75,327
76,328
77,328
78,328
79,329
80,330
81,330
82,331
83,332
83,333
84,333
84,334
85,334
85,335
86,336
86,337
87,337
87,338
88,339
89,340
90,341
91,341
91,342
92,342
93,342
93,343
94,343
95,343
95,344
96,344
97,344
98,345
99,345
100,345
101,346
102,346
103,346
104,347
105,347
106,347
107,348
108,348
109,348
110,348
111,348
112,349
113,349
114,349
115,349
116,349
117,349
118,350
119,350
120,350
121,350
122,350
123,350
124,350
125,350
126,350
127,350
59,293
62,290
64,289
64,291
64,292
63,292
62,293
62,294
61,294
61,295
60,295
59,296
58,297
57,298
56,299
55,300
55,301
54,302
65,291
66,291
65,289
67,288
67,290
68,290
69,290
70,290
71,290
72,290
73,290
74,290
75,290
76,290
77,290
78,291
79,291
80,291
81,291
82,291
83,291
84,291
85,291
86,291
87,291
88,291
89,291
90,291
91,291
92,291
93,291
94,291
95,291
96,291
97,291
68,288
69,288
70,288
71,288
72,288
73,288
74,288
75,288
76,288
77,288
78,288
79,289
80,289
81,289
82,289
83,289
84,289
85,289
86,289
87,289
88,289
89,289
90,289
91,289
92,289
93,289
94,289
95,289
96,289
122,86
123,86
123,88
122,89
122,90
123,91
123,92
124,92
124,93
125,93
125,94
126,94
127,94
128,94
129,94
130,94
131,94
132,94
133,94
134,95
135,95
135,96
136,96
136,97
137,97
137,98
138,98
138,99
138,100
139,101
139,102
139,103
140,104
140,105
140,106
140,107
141,108
141,109
141,110
141,111
141,112
141,113
142,114
142,115
142,116
142,117
142,118
142,119
142,120
142,121
142,122
142,123
142,124
142,125
142,126
141,127
141,128
141,129
141,130
141,131
141,132
141,133
124,88
125,88
126,88
127,88
128,88
129,88
130,88
131,88
132,88
133,88
134,88
135,88
136,88
137,88
138,88
139,88
140,88
141,88
142,88
143,88
144,88
145,88
146,88
146,89
146,90
146,91
147,92
147,93
147,94
148,95
148,96
149,97
149,98
149,99
150,100
150,101
151,102
151,103
151,104
152,105
152,106
152,107
152,108
153,109
153,110
153,111
153,112
154,113
154,114
154,115
154,116
154,117
155,118
155,119
155,120
155,121
155,122
155,123
156,124
156,125
156,126
156,127
156,128
156,129
156,130
156,131
157,132
157,133
157,134
157,135
157,136
157,137
157,138
157,139
158,140
158,141
158,142
158,143
158,144
158,145
158,146
159,147
159,148
159,149
159,150
159,151
159,152
159,153
159,154
159,155
159,156
159,157
159,158
160,159
160,160
160,161
160,162
160,163
160,164
160,165
160,166
160,167
160,168
158,168
158,169
158,171
159,171
160,171
160,172
160,173
160,174
160,175
160,176
159,177
159,178
159,179
159,180
159,181
159,182
156,169
156,170
156,172
157,172
154,170
154,171
154,173
155,173
152,171
152,172
152,174
152,175
151,175
153,174
151,172
149,173
149,174
149,176
149,177
148,177
148,178
147,178
146,179
150,176
148,174
147,175
145,176
145,177
144,177
144,178
144,180
144,181
143,181
143,182
142,182
142,183
141,183
141,184
140,184
140,185
139,185
139,186
138,186
138,187
137,188
136,189
136,190
135,190
135,191
134,191
134,192
133,193
133,194
132,194
132,195
131,196
131,197
130,197
130,198
130,199
129,199
129,200
128,200
128,201
128,202
127,202
127,203
127,204
126,205
126,206
145,180
143,178
142,179
141,180
140,181
139,182
138,183
137,184
136,185
136,186
135,186
135,187
134,187
134,188
133,189
132,190
132,191
131,191
131,192
146,176
150,173
153,171
155,170
157,169
159,168
124,86
125,86
126,86
127,86
128,86
129,86
130,86
131,86
132,86
133,86
134,86
135,86
136,86
137,86
138,86
139,86
140,86
141,86
142,86
143,86
144,86
145,86
146,86
147,86
148,87
148,88
148,89
148,90
150,88
150,89
150,90
150,91
151,92
151,93
152,94
153,95
154,95
155,96
156,96
157,96
158,96
159,96
160,96
161,96
162,97
163,97
163,98
164,98
165,99
166,100
166,101
166,102
167,103
167,104
167,105
168,106
168,107
168,108
168,109
169,110
169,111
169,112
169,113
169,114
169,115
169,116
169,117
170,118
170,119
170,120
170,121
170,122
169,123
169,124
169,125
169,126
169,127
169,128
169,129
169,130
169,131
169,132
170,133
170,134
170,135
170,136
170,137
169,138
169,139
169,140
169,141
169,142
168,143
168,144
168,145
168,146
168,147
167,148
167,149
167,150
167,151
167,152
166,153
166,154
166,155
166,156
166,157
165,158
165,159
165,160
165,161
165,162
164,163
164,164
164,165
164,166
164,167
163,168
163,169
163,170
163,171
163,172
162,173
162,174
162,175
162,176
162,177
161,178
161,179
161,180
161,181
168,133
168,134
168,135
168,136
168,137
167,138
167,139
167,140
167,141
166,142
166,143
166,144
166,145
166,146
165,147
165,148
165,149
165,150
165,151
164,152
164,153
164,154
164,155
164,156
164,157
163,158
163,159
163,160
163,161
150,94
150,95
151,96
151,97
151,98
152,99
152,100
153,101
153,102
153,103
153,104
154,105
154,106
154,107
155,108
155,109
155,110
155,111
156,112
156,113
156,114
156,115
156,116
157,117
157,118
157,119
157,120
157,121
157,122
158,123
158,124
158,125
158,126
158,127
158,128
158,129
158,130
158,131
159,132
159,133
159,134
159,135
159,136
159,137
159,138
160,139
160,140
160,141
160,142
160,143
160,144
160,145
160,146
161,147
161,148
161,149
161,150
161,151
161,152
161,153
161,154
161,155
161,156
149,92
149,93
152,88
152,89
152,90
152,91
153,91
153,92
154,92
154,93
155,93
155,94
156,94
157,94
158,94
159,94
160,94
161,94
162,94
163,94
163,95
164,95
165,95
165,96
166,96
166,97
167,97
167,98
168,99
168,100
168,101
169,102
169,103
169,104
170,105
170,106
170,107
170,108
171,109
171,110
171,111
171,112
171,113
171,114
171,115
172,116
172,117
172,118
172,119
172,120
172,121
172,122
172,123
172,124
171,125
171,126
171,127
171,128
171,129
171,130
171,131
171,132
153,88
154,88
155,88
156,88
157,88
158,88
159,88
160,88
161,88
162,88
163,88
164,88
165,88
166,88
167,88
168,88
169,88
170,88
171,88
172,88
173,88
174,88
175,88
176,89
176,90
176,91
176,92
177,93
177,94
178,95
178,96
178,97
179,98
179,99
180,100
180,101
180,102
181,103
181,104
181,105
182,106
182,107
182,108
183,109
183,110
183,111
183,112
183,113
184,114
184,115
184,116
184,117
184,118
185,119
185,120
185,121
185,122
185,123
185,124
186,125
186,126
186,127
186,128
186,129
186,130
186,131
186,132
186,133
187,134
187,135
187,136
187,137
187,138
187,139
187,140
188,141
188,142
188,143
188,144
188,145
188,146
188,147
188,148
189,149
189,150
189,151
189,152
189,153
189,154
189,155
189,156
189,157
189,158
189,159
190,160
190,161
190,162
190,163
190,164
190,165
190,166
190,167
190,168
190,169
190,170
190,171
190,172
190,173
190,174
190,175
190,176
190,177
191,177
192,177
192,169
192,170
192,171
192,172
192,173
192,174
192,175
192,176
193,169
194,169
195,169
196,169
197,169
198,169
199,169
200,169
201,169
202,169
203,169
204,169
205,169
206,169
207,169
208,169
209,169
210,169
211,169
212,170
213,170
214,170
215,170
216,170
217,170
218,170
219,170
220,170
221,170
222,171
223,171
224,171
225,171
226,171
227,171
228,171
229,172
230,172
231,172
232,172
233,172
234,172
235,173
236,173
237,173
238,173
239,173
240,173
241,174
242,174
243,174
244,174
245,175
246,175
247,175
248,175
249,176
250,176
251,176
252,176
253,176
254,176
255,176
256,176
257,176
258,176
259,176
260,176
261,176
262,176
263,176
264,176
265,176
266,176
267,176
268,176
269,176
270,176
271,176
272,176
273,176
274,176
275,176
276,176
277,176
278,176
279,176
280,176
281,176
282,176
151,86
152,86
153,86
154,86
155,86
156,86
157,86
158,86
159,86
160,86
161,86
162,86
163,86
164,86
165,86
166,86
167,86
168,86
169,86
170,86
171,86
172,86
173,86
174,86
175,86
176,86
177,86
177,87
178,87
178,88
178,89
178,90
178,91
179,92
179,93
180,94
180,95
180,96
181,97
181,98
182,99
182,100
182,101
183,102
183,103
183,104
184,105
184,106
184,107
184,108
185,109
185,110
185,111
185,112
186,113
186,114
186,115
186,116
186,117
187,118
187,119
187,120
187,121
187,122
187,123
188,124
188,125
188,126
188,127
188,128
188,129
188,130
188,131
188,132
189,133
189,134
189,135
189,136
189,137
189,138
189,139
190,140
190,141
190,142
190,143
190,144
190,145
190,146
190,147
191,148
191,149
191,150
191,151
191,152
191,153
191,154
191,155
191,156
191,157
192,158
192,159
192,160
192,161
192,162
192,163
192,164
192,165
192,166
193,166
194,166
195,166
196,166
197,167
198,167
199,167
200,167
201,167
202,167
203,167
204,167
205,167
206,167
207,167
208,167
209,167
210,167
211,167
212,167
213,168
214,168
215,168
216,168
217,168
218,168
219,168
220,168
221,168
222,168
223,169
224,169
225,169
226,169
227,169
228,169
229,169
230,170
231,170
232,170
233,170
234,170
235,170
236,171
237,171
238,171
239,171
240,171
241,172
242,172
243,172
244,172
245,172
246,173
247,173
248,173
249,173
250,174
251,174
252,174
253,174
254,174
255,174
256,174
257,174
258,174
259,174
260,174
261,174
262,174
263,174
264,174
265,174
266,174
267,174
268,174
269,174
270,174
271,174
272,174
273,174
315,86
315,87
315,88
315,89
315,90
315,91
315,92
315,93
316,93
316,94
317,95
318,95
318,96
319,96
320,96
321,96
322,96
323,96
324,96
325,96
326,96
327,97
328,98
329,99
329,100
329,101
329,102
329,103
329,104
329,105
329,106
330,107
330,108
330,109
330,110
329,111
329,112
329,113
329,114
329,115
329,116
329,117
329,118
328,119
328,120
328,121
328,122
327,123
327,124
327,125
326,126
326,127
326,128
325,129
325,130
324,130
324,131
324,133
324,134
323,134
325,133
323,131
321,132
321,133
321,135
321,136
320,136
322,135
320,133
318,134
318,135
318,137
318,138
317,138
317,139
316,139
315,140
319,137
317,135
316,136
314,137
314,138
313,138
313,139
313,141
313,142
312,142
312,143
311,143
310,144
314,141
312,139
311,140
309,141
309,142
308,142
308,143
308,145
308,146
307,146
307,147
306,147
306,148
305,148
304,149
303,150
302,151
301,152
300,153
299,154
298,155
297,156
296,157
295,158
295,159
294,159
294,160
293,160
293,161
292,161
292,162
291,163
290,164
290,165
289,165
289,166
288,167
288,168
287,168
287,169
286,170
286,171
285,171
285,172
285,173
286,173
286,175
287,175
288,176
289,176
290,176
291,176
292,176
293,176
294,176
295,176
296,176
297,176
298,176
299,176
300,176
301,176
302,176
303,176
304,176
305,176
306,176
307,176
308,177
308,178
308,179
308,180
308,181
309,182
309,183
309,184
309,185
309,186
307,182
307,183
307,184
307,185
307,186
308,186
287,173
288,173
289,173
290,173
291,173
292,173
293,173
294,173
295,174
296,174
297,174
298,174
299,174
300,174
301,174
302,174
303,174
304,174
305,174
306,174
307,174
308,175
309,175
309,145
307,143
306,144
305,145
303,146
303,147
302,147
302,148
301,148
301,149
300,149
300,150
299,150
299,151
298,151
298,152
297,152
297,153
296,153
296,154
295,154
295,155
294,155
294,156
293,156
293,157
292,158
291,159
290,160
290,161
289,161
289,162
288,162
288,163
287,164
287,165
286,165
286,166
285,167
285,168
284,168
284,169
283,170
283,171
283,172
282,172
282,173
283,175
284,176
285,176
274,173
275,173
276,173
277,173
278,173
279,173
280,173
281,173
304,146
310,141
315,137
319,134
322,132
317,88
317,89
317,90
317,91
318,92
318,93
319,93
320,94
321,94
322,94
323,94
324,94
325,94
326,94
327,94
328,94
328,95
329,95
329,96
330,96
330,97
331,97
331,98
331,99
331,100
331,101
331,102
331,103
332,104
332,105
332,106
332,107
332,108
332,109
332,110
332,111
332,112
331,113
331,114
331,115
331,116
331,117
331,118
331,119
330,120
330,121
330,122
330,123
329,124
329,125
329,126
328,127
328,128
328,129
327,130
327,131
327,132
326,132
318,88
319,88
320,88
321,88
322,88
323,88
324,88
325,88
326,88
327,88
328,88
329,88
330,88
331,88
332,88
333,88
334,88
335,88
336,88
337,88
338,88
339,88
340,88
340,89
341,89
341,90
341,91
341,92
341,93
341,94
341,95
341,96
342,97
342,98
342,99
342,100
342,101
342,102
343,103
343,104
343,105
343,106
343,107
343,108
343,109
343,110
343,111
343,112
343,113
343,114
343,115
343,116
343,117
343,118
343,119
343,120
343,121
343,122
343,123
343,124
343,125
343,126
343,127
343,128
343,129
343,130
343,131
343,132
343,133
343,134
343,135
343,136
342,136
342,137
341,137
341,138
341,140
341,141
340,141
342,140
340,138
338,139
338,140
338,142
338,143
337,143
337,144
336,144
335,145
339,142
337,140
336,141
334,142
334,143
333,143
333,144
333,146
333,147
332,147
332,148
331,148
331,149
330,149
329,150
328,151
327,152
326,153
325,154
324,155
324,156
323,156
323,157
322,157
322,158
321,158
321,159
320,159
320,160
319,161
319,162
318,162
318,163
317,163
317,164
316,165
316,166
315,167
315,168
314,168
314,169
314,170
313,170
313,171
312,172
312,173
312,174
311,175
311,176
311,177
310,178
310,179
310,180
310,181
334,146
332,144
331,145
329,146
329,147
328,147
328,148
327,148
327,149
326,149
326,150
325,150
325,151
324,151
324,152
323,152
323,153
322,153
322,154
321,154
321,155
320,156
319,157
318,158
318,159
317,159
317,160
316,161
315,162
315,163
314,163
314,164
314,165
313,165
313,166
312,167
312,168
311,169
311,170
310,171
310,172
310,173
309,174
330,146
335,142
339,139
316,86
317,86
318,86
319,86
320,86
321,86
322,86
323,86
324,86
325,86
326,86
327,86
328,86
329,86
330,86
331,86
332,86
333,86
334,86
335,86
336,86
337,86
338,86
339,86
340,86
341,86
342,86
342,87
342,88
343,89
343,90
343,91
343,92
343,93
343,94
343,95
344,96
344,97
344,98
344,99
344,100
344,101
345,102
345,103
345,104
345,105
345,106
345,107
345,108
345,109
345,110
345,111
345,112
345,113
346,114
346,115
346,116
346,117
346,118
346,119
346,120
346,121
345,122
345,123
345,124
345,125
345,126
345,127
345,128
345,129
345,130
345,131
345,132
345,133
345,134
346,134
346,136
346,137
345,137
345,138
344,138
343,139
347,136
348,136
347,133
348,133
348,135
349,135
359,86
359,87
358,88
358,89
358,90
359,91
359,92
359,93
360,94
361,95
362,95
362,96
363,96
364,96
365,96
366,96
367,96
368,96
369,96
370,96
370,97
371,97
371,98
371,99
371,100
371,101
372,102
372,103
372,104
372,105
372,106
371,107
371,108
371,109
371,110
370,111
370,112
370,113
369,114
369,115
368,116
368,117
367,118
367,119
366,120
366,121
365,122
365,123
364,123
364,124
363,125
363,126
362,127
361,128
370,102
370,103
370,104
370,105
370,106
369,107
369,108
369,109
368,110
368,111
368,112
367,113
367,114
366,115
366,116
365,117
365,118
364,119
364,120
363,120
363,121
362,122
362,123
361,124
361,125
360,125
360,126
359,126
359,127
359,129
360,129
357,127
357,128
357,130
358,130
355,128
355,129
355,131
355,132
356,131
354,129
352,130
350,131
350,132
350,134
351,134
349,132
351,131
353,130
353,132
353,133
352,133
354,132
356,128
358,127
360,86
361,86
361,88
361,89
361,90
361,91
361,92
362,92
362,93
363,93
364,94
365,94
366,94
367,94
368,94
369,94
370,94
371,94
372,95
373,95
373,96
373,97
373,98
373,99
373,100
373,101
362,88
363,88
364,88
365,88
366,88
367,88
368,88
369,88
370,88
371,88
372,88
373,88
374,88
375,88
376,88
377,88
378,88
379,88
380,88
381,88
382,88
383,88
384,88
384,89
384,90
385,91
384,92
384,93
384,94
384,95
384,96
384,97
384,98
384,99
384,100
384,101
384,102
384,103
383,104
383,105
383,106
383,107
383,108
383,109
383,110
384,111
384,112
384,113
384,114
384,115
383,116
383,117
383,118
383,119
382,120
382,121
382,122
381,123
381,124
381,125
380,126
380,127
380,128
379,129
379,130
379,131
379,132
378,132
378,133
378,134
377,134
377,135
377,136
376,136
376,137
375,138
375,139
374,139
374,140
373,141
372,142
371,143
370,144
369,145
369,146
368,146
368,147
367,147
367,148
366,149
365,150
365,151
364,151
364,152
364,153
363,153
363,154
362,155
362,156
361,157
361,158
360,159
360,160
359,161
359,162
359,163
358,164
358,165
358,166
357,167
357,168
357,169
357,170
356,171
356,172
356,173
356,174
356,175
355,176
355,177
355,178
355,179
355,180
355,181
355,182
355,183
354,184
354,185
354,186
354,187
354,188
354,189
354,190
354,191
354,192
354,193
354,194
355,195
355,196
355,197
355,198
355,199
355,200
355,201
355,202
355,203
398,205
392,206
385,207
379,208
375,209
372,210
370,211
367,212
367,213
368,214
368,215
369,214
370,214
365,213
363,214
363,215
363,217
363,218
362,218
362,219
361,219
360,220
359,221
364,217
362,215
360,216
360,217
359,217
359,218
358,218
358,219
357,219
357,220
357,222
357,223
356,223
356,224
355,224
358,222
356,220
355,221
354,222
361,216
364,214
366,213
366,215
366,216
365,216
367,215
368,212
369,212
370,213
371,213
372,213
371,211
373,210
373,212
374,212
375,212
374,210
376,209
376,211
377,211
378,211
379,211
377,209
378,209
380,208
380,210
381,210
382,210
383,210
384,210
385,210
381,208
382,208
383,208
384,208
386,207
386,209
387,209
388,209
389,209
390,209
391,209
392,209
387,207
388,207
389,207
390,207
391,207
393,206
393,208
394,208
395,208
396,208
397,208
398,208
394,206
395,206
396,206
397,206
399,205
399,207
400,207
401,207
402,207
403,207
404,207
404,208
405,208
405,209
405,210
405,211
404,212
404,213
403,213
403,214
402,214
402,215
401,215
401,216
400,216
400,217
400,219
400,220
399,220
401,219
399,217
397,218
397,219
397,221
397,222
398,221
396,219
394,220
391,221
389,222
386,223
386,224
385,224
382,225
382,226
382,228
383,228
380,226
380,227
380,229
381,229
378,227
378,228
378,230
379,230
376,228
376,229
376,231
376,232
377,231
375,229
373,230
371,231
371,232
371,234
371,235
372,234
370,232
368,233
366,234
366,235
366,237
366,238
365,238
364,239
367,237
365,235
363,236
363,237
362,237
362,238
362,240
362,241
361,241
363,240
361,238
359,239
359,240
359,242
359,243
358,243
357,244
360,242
358,240
357,241
355,242
355,243
355,245
355,246
354,246
354,247
353,247
352,248
356,245
354,243
353,244
351,245
351,246
350,246
350,247
350,249
350,250
349,250
351,249
349,247
347,248
347,249
347,251
348,251
346,249
344,250
342,251
343,251
343,253
344,253
345,253
345,250
345,252
346,252
348,248
352,245
356,242
360,239
364,236
367,234
369,233
369,235
369,236
368,236
370,235
372,231
374,230
374,232
374,233
373,233
375,232
377,228
379,227
381,226
383,225
384,225
385,226
385,227
384,227
386,226
387,226
387,223
388,223
388,225
389,225
390,222
390,224
391,224
392,221
392,223
393,223
394,223
393,221
395,220
395,222
396,222
398,218
400,205
401,205
402,205
403,205
404,205
405,205
406,206
407,207
407,208
407,209
407,210
407,211
407,212
407,213
406,213
406,214
405,215
404,216
404,217
403,217
403,218
402,218
354,204
354,205
354,206
354,207
354,208
354,209
354,210
354,211
354,212
354,213
354,214
353,215
353,216
353,217
353,218
353,219
353,220
352,221
352,222
352,223
353,223
353,225
353,226
352,226
352,227
351,227
350,228
350,229
350,230
349,231
349,232
349,233
349,234
348,234
348,235
348,236
347,236
347,237
346,238
346,239
346,240
345,240
345,241
345,242
344,242
344,243
343,244
343,245
342,245
342,246
341,246
341,247
340,248
339,249
339,250
339,252
340,252
340,254
341,254
342,254
341,252
338,250
337,251
337,253
336,255
337,255
338,255
339,255
338,253
354,225
382,111
382,112
382,113
382,114
381,115
381,116
381,117
381,118
380,119
380,120
380,121
379,122
379,123
379,124
379,125
378,126
378,127
378,128
377,129
377,130
376,131
376,132
375,133
375,134
374,135
374,136
373,136
373,137
372,138
372,139
371,139
371,140
370,140
370,141
369,141
369,142
368,142
368,143
367,143
367,144
366,144
366,145
365,146
365,147
364,147
364,148
363,149
362,150
362,151
361,152
361,153
360,153
360,154
360,155
359,156
359,157
358,158
358,159
358,160
357,161
357,162
356,163
356,164
356,165
356,166
355,167
355,168
355,169
354,170
354,171
354,172
354,173
354,174
353,175
353,176
353,177
353,178
353,179
353,180
353,181
353,182
352,183
352,184
352,185
352,186
352,187
352,188
352,189
352,190
352,191
352,192
352,193
352,194
352,195
352,196
352,197
352,198
352,199
352,200
352,201
352,202
352,203
352,204
352,205
352,206
352,207
352,208
352,209
352,210
352,211
352,212
352,213
351,214
351,215
351,216
351,217
351,218
351,219
350,220
350,221
350,222
350,223
349,224
349,225
349,226
349,227
348,228
348,229
348,230
347,231
347,232
346,233
346,234
346,235
345,236
345,237
344,237
344,238
343,239
343,240
342,241
342,242
341,242
341,243
340,244
339,245
339,246
338,246
338,247
337,247
337,248
336,248
336,249
335,249
335,250
334,250
334,251
333,251
333,252
332,252
332,253
330,253
330,254
330,256
330,257
329,257
331,256
332,256
333,256
334,256
335,256
329,254
327,255
327,256
325,256
325,257
326,258
326,259
327,258
328,258
323,257
321,258
318,259
315,260
311,261
306,262
300,263
290,264
291,264
292,264
292,266
293,266
294,266
295,266
296,266
297,266
298,266
299,266
293,264
294,264
295,264
296,264
297,264
298,264
299,264
300,265
301,265
302,265
303,265
304,265
305,265
306,265
221,264
216,265
212,266
208,267
205,268
202,269
199,270
197,271
194,272
191,273
191,274
189,274
189,275
190,276
190,277
191,276
192,276
187,275
185,276
183,277
181,278
179,279
179,280
179,282
179,283
178,283
180,282
178,280
176,281
176,282
176,284
176,285
175,285
175,286
174,286
174,287
173,287
173,288
172,288
172,289
171,289
171,290
170,290
170,291
169,292
169,293
168,293
168,294
167,295
167,296
166,296
166,297
166,298
165,298
165,299
164,300
164,301
163,302
163,303
162,304
162,305
162,306
161,306
161,307
160,308
160,309
160,310
159,311
159,312
159,313
159,314
159,315
160,315
160,316
160,317
161,318
161,319
161,320
161,321
161,322
161,323
161,324
160,325
160,326
160,327
159,327
159,328
158,329
158,330
157,330
157,331
156,332
155,333
177,284
175,282
174,283
172,284
172,285
171,285
171,286
170,287
169,288
168,289
168,290
167,290
167,291
166,292
166,293
165,293
165,294
164,295
164,296
163,297
163,298
162,299
162,300
161,300
161,301
161,302
160,302
160,303
160,304
159,305
159,306
159,307
158,308
158,309
173,284
177,281
180,279
182,278
182,280
182,281
181,281
183,280
184,280
184,277
184,279
185,279
186,279
186,276
186,278
187,278
188,278
188,275
188,277
189,277
190,274
192,273
193,273
193,275
194,275
195,272
195,274
196,274
196,272
197,273
198,273
199,273
198,271
200,270
200,272
201,272
202,272
201,270
203,269
203,271
204,271
205,271
204,269
206,268
206,270
207,270
208,270
207,268
209,267
209,269
210,269
211,269
212,269
210,267
211,267
213,266
213,268
214,268
215,268
216,268
214,266
215,266
217,265
217,267
218,267
219,267
220,267
221,267
218,265
219,265
220,265
222,264
222,266
223,266
224,266
225,266
226,266
227,266
228,266
229,266
230,266
231,266
232,266
233,266
234,266
235,266
236,266
237,266
238,266
239,266
240,266
241,267
242,267
243,267
244,267
245,267
246,267
247,267
248,267
249,267
250,267
251,267
252,267
253,267
254,267
255,267
256,267
257,267
258,267
259,267
260,267
261,267
262,267
263,267
264,267
265,267
266,267
267,267
268,267
269,267
270,267
271,267
272,267
273,267
274,267
275,267
276,267
277,267
278,267
279,267
280,267
281,267
282,267
283,267
284,267
285,267
286,267
287,267
288,267
289,267
290,267
291,267
223,264
224,264
225,264
226,264
227,264
228,264
229,264
230,264
231,264
232,264
233,264
234,264
235,264
236,264
237,264
238,264
239,264
240,264
241,264
242,264
243,264
244,265
245,265
246,265
247,265
248,265
249,265
250,265
251,265
252,265
253,265
254,265
255,265
256,265
257,265
258,265
259,265
260,265
261,265
262,265
263,265
264,265
265,265
266,265
267,265
268,265
269,265
270,265
271,265
272,265
273,265
274,265
275,265
276,265
277,265
278,265
279,265
280,265
281,265
282,265
283,265
284,265
285,265
286,265
287,265
288,265
289,265
301,263
302,263
303,263
304,263
305,263
307,262
307,264
308,264
309,264
310,264
311,264
308,262
309,262
310,262
312,261
312,263
313,263
314,263
315,263
313,261
314,261
316,260
316,262
317,262
318,262
317,260
319,259
319,261
320,261
321,261
320,259
322,258
322,260
323,260
324,260
324,257
324,259
325,259
326,256
328,255
331,253
362,86
363,86
364,86
365,86
366,86
367,86
368,86
369,86
370,86
371,86
372,86
373,86
374,86
375,86
376,86
377,86
378,86
379,86
380,86
381,86
382,86
383,86
384,86
385,86
386,87
386,88
386,89
387,90
387,91
387,92
386,93
386,94
386,95
386,96
386,97
386,98
386,99
386,100
386,101
386,102
386,103
386,104
385,105
385,106
385,107
385,108
385,109
385,110
