3225.9945983216194,888.9961546203156
3217.9792924083686,883.0450420162779
3210.15886992133,876.8080418946229
3202.52080605262,870.3522732407728
3195.039341609989,863.7115706037553
3187.699415163137,856.9131121840328
3180.5016159783245,849.988418042416
3173.4056409775208,842.9211734991954
3166.4392413829223,835.7558758330802
3159.5808445693456,828.4834333722283
3152.820414748014,821.1012325348352
3146.1830038889,813.6420711960709
3139.6375134511763,806.0728506390878
3133.2013550284446,798.4113544893808
3126.883600578758,790.6633299800051
3120.6874189329187,782.8234267821667
3114.6133683261737,774.8770705960083
3108.682034135944,766.8287586167758
3102.908124749023,758.6664190082993
3097.3094926580516,750.3675386039463
3091.940803407355,741.9432766740101
3086.83442656009,733.3336301015224
3082.1024466865074,724.5411421207646
3077.8810722231865,715.4618569612503
3074.5308372634317,706.0436139965022
3071.840842814083,696.4128707463533
3067.9784080562968,687.2104873551143
3060.6132583646104,681.1721422178671
3052.995599112459,687.1102130046202
3048.3771504197503,695.9561675289879
3044.849211560926,705.3174205736868
3041.9149032517307,714.8672821590881
3039.2950760152935,724.5288957184005
3036.3053984735043,734.0601970790447
3032.805595396826,743.4364777677913
3028.7855655886233,752.5846563847736
3024.219017851814,761.4714960752699
3019.0785316754636,770.0525791796147
3013.345045508351,778.2597674446879
3007.0207806205726,785.9949457820476
3000.077609502936,793.1952926277208
2992.5386295863427,799.7382777567254
2984.3962411545217,805.5310593424365
2975.6914043426514,810.4421057701111
2966.4769676604847,814.3432796732031
2956.873992043046,817.0984155926701
2946.994227562558,818.6091630872015
2937.004084961365,818.8064151267372
2927.0745444207787,817.6755194307025
2917.3857959196903,815.2623537239851
2908.06311547722,811.6558028802192
2899.219293007809,806.9830514304285
2890.929905771918,801.3915001280693
2883.2342895327965,795.0318142083579
2876.1200360360963,788.000578884792
2869.396001120127,780.5972667694441
2863.1724415157514,772.7754390716436
2857.865265779099,764.3101778910714
2854.0511962242635,755.084291030762
2852.1304332543914,745.2874294284047
2851.9512558991555,735.2926032352261
2853.022298032418,725.3573584966362
2854.8983374757227,715.5353955146857
2857.281033935811,705.8273968471331
2859.9892647262072,696.2004016763649
2862.908688125994,686.6351512278698
2865.969172641413,677.1070687590764
2869.115654533176,667.6258766760002
2872.328148649598,658.1603653421917
2875.524348207691,648.6695303099405
2878.652776077266,639.186226382295
2881.6895319192554,629.6460945169383
2884.5451555031686,620.076376674242
2887.075182313856,610.4071145734342
2888.864093216893,600.5637123553606
2887.9662302299403,590.74290643516
2879.1784382998594,587.6318637756922
2869.52398663474,590.1958153715532
2860.2161080121878,593.7997087895346
2850.972553388041,597.6233260824229
2841.5857980655346,601.1060727807271
2832.062938496005,604.1307603013702
2822.365951862186,606.5676319040358
2812.515096947958,608.2375555784092
2802.5388928983375,608.938605372874
2792.5577791666947,608.4721968732556
2782.721768718213,606.7152777202427
2773.2014320047383,603.67775747821
2764.120270124731,599.5050108335781
2755.5220971556264,594.4149551115115
2747.3763242202695,588.6208351401729
2739.617256759142,582.2957441975013
2732.065634938808,575.7447320472129
2724.4126424777205,569.2983168120263
2716.6169273459236,563.0314635596005
2708.565147642046,557.1325264945626
2699.856212418992,552.2280648397282
2691.262021642644,554.2549881385639
2689.967048886232,564.1138425553218
2687.191037216573,573.64873519924
2681.6792665041285,581.966521826922
2674.9325055854424,589.3372349102137
2667.558083909955,596.0795004939519
2659.8010087013245,602.405620098114
2651.815774885108,608.4170475009159
2643.6628680303693,614.2017498239875
2635.3821899310915,619.8148559153069
2627.0138497659937,625.2855143873021
2618.57073095994,630.6451404464369
2610.072417486357,635.9103571648448
2601.5253637771893,641.0990770500277
2592.9560910379514,646.2440457316115
2584.395663174173,651.4137915158881
2575.790445193372,656.5113822773419
2567.1216376145185,661.4828048687832
2558.3227836262904,666.2609350084949
2549.362176338327,670.6894615472993
2540.1263392890105,674.5318771161838
2530.541649315388,677.3411270860033
2520.6310851200396,678.4778734103747
2510.683715405059,677.4930011885008
2501.0958365512215,674.7106924462332
2491.869655907154,670.8470014929771
2482.8946726089,666.457515539978
2474.123542164394,661.6556058712886
2465.6250701526296,656.3822207424673
2457.506632566452,650.5617306232452
2449.857589760504,644.12203213881
2442.7758753090166,637.0645424709655
2436.3074058686034,629.4473225296824
2430.42590392891,621.3469011242487
2425.0889663402922,612.8874914268963
2420.219352238346,604.1707909698598
2415.714178085327,595.2333011627197
2411.518399294466,586.1673808135092
2407.552937811539,576.9770863536323
2403.776680422343,567.7114992365459
2400.153726724061,558.403213982313
2396.6402878693225,549.0397189805008
2393.056854114591,539.7050922588742
2389.3436095323887,530.4180558533772
2385.415858831093,521.2314450211925
2381.103511035122,512.2072517711786
2376.080897790056,503.5536403512742
2369.6205823987257,495.9795682108961
2360.5673418439983,492.21690887986915
2351.0923421066254,495.01113971695304
2343.0039664737706,500.8827749109478
2335.7738052066416,507.7845129184425
2329.0093463051926,515.1346210048141
2322.4989837408066,522.7398822307587
2316.1622641905524,530.4731611355019
2309.929135896964,538.2903455398045
2303.7663786892117,546.1522821164181
2297.607538395605,554.0394429812877
2291.466875290678,561.9216148796459
2285.374137868057,569.8554490486858
2279.3361074123186,577.8295724103318
2273.3475870117545,585.8518001660705
2267.4284556880593,593.9003644362092
2261.5650919578184,602.0046000102448
2255.780105999511,610.1537570117071
2250.076678752899,618.3821330070496
2244.5155972720822,626.6826128739631
2239.1842561617523,635.1473313491588
2234.705406551235,644.0603361695685
2232.48527870384,653.7708011298819
2233.86170052737,663.6045707538724
2238.9236693020357,672.17353027231
2246.2057713290706,679.0095513677661
2254.5502368585458,684.4978858490049
2263.438602266484,689.0647483583307
2272.6414033797773,692.9890154952445
2282.028859615326,696.4404015541077
2291.533343789735,699.5333217365114
2301.126828965762,702.3496159326733
2310.782630014406,704.9439624753159
2320.404817222545,707.6515899693477
2329.9256809706567,710.7412487822585
2339.2874930500984,714.2539665699005
2348.45117521286,718.2360515594482
2357.3911806253745,722.7361932753702
2366.0257462352256,727.7613549255548
2374.3381845707772,733.3308879691176
2382.2726115525,739.4111679368652
2389.810881904443,745.9590041865595
2396.978842447772,752.9424010810253
2403.4893379211426,760.5415649414062
2409.8037787859357,768.2900009381119
2415.974433621508,776.1487065348774
2421.9539652295643,784.1733240503818
2427.5261196093634,792.4738985449076
2429.13982092496,801.7753336597234
2425.101638019085,810.920228600502
2420.3594332756475,819.7171972151846
2415.2429497592384,828.3291100754868
2409.8604253010126,836.7475365248974
2404.269544837691,845.0297061508609
2398.3698784932494,853.1215674206614
2391.816538736355,860.6606023120257
2384.170493430458,867.0731140850112
2375.3179950661724,871.6820668483851
2365.7435085962497,874.5064598170429
2355.8883385062218,876.1894847750664
2345.937621866353,877.2763289595023
2335.9723556351173,878.0618224335442
2325.9793815673966,878.3137778599867
2315.9955492977315,877.9583807372692
2306.026232599863,877.0300683215028
2296.1365162905913,875.5702861451227
2286.3307134755382,873.6161219613311
2276.636513017953,871.2077007602293
2267.030197409955,868.370309158332
2257.575274037275,865.1533056814576
2248.2326793294083,861.5726929213708
2239.0388569954503,857.668881973239
2229.9646460134963,853.4541343916401
2221.0318120787642,848.9607623464501
2212.235242873465,844.2076344270079
2203.568905353546,839.210780620575
2195.039306640625,833.991943359375
2186.6390223483177,828.5633632423269
2178.373401794306,822.9441476073553
2170.220408043575,817.1332441488503
2162.2113491353957,811.1665654262615
2154.309775350597,805.0296195218764
2146.532789647099,798.7468222377502
2138.87017006357,792.3208429884708
2131.3249214286434,785.7643197227305
2123.8866824985016,779.0720612267032
2116.4995890456303,772.3329584275925
2109.110227533296,765.5917865216034
2101.7235491975734,758.8530624258565
2094.332974240184,752.1107835173607
2086.947145713788,745.3728346862626
2079.554373170482,738.628550962545
2072.17644695114,731.8978112536715
2065.005529482063,733.0698378861998
2058.002280298766,740.2052238465403
2051.0011578600097,747.3384429350845
2043.993802632409,754.4780124122626
2036.9850593942683,761.6189960888587
2029.9771124332037,768.759168464283
2022.9696843254205,775.8988121967413
2015.9703377186615,783.0311241745967
2008.9849065809249,790.1957683215005
2001.8388098182247,797.1727231513121
1994.4927287043229,803.9535392158341
1986.9225845414455,810.5044702376551
1979.1323517893015,816.75975871417
1971.0693737662966,822.6896415718336
1962.736309542599,828.2094771321517
1954.1066474896963,833.2455767617132
1945.152400415047,837.7106270276108
1935.896685753825,841.4834559824619
1926.3584392137072,844.4487511300849
1916.5656050267862,846.4960014518583
1906.6208071684669,847.5243015460292
1896.6360644340893,847.4826855584542
1886.6957570981467,846.3721836173208
1876.9381121661136,844.253079583912
1867.3993328174547,841.2117337176896
1858.1730794413015,837.3786687320098
1849.2514284212375,832.8625808359357
1840.6434073197777,827.7762836005775
1832.3340376312499,822.2131735171733
1824.3104031694802,816.2575620642365
1816.5330710079088,809.9615246927006
1808.9909884543583,803.3868430525451
1801.6739391394058,796.5882473502625
1794.5431179170064,789.584463694935
1787.5651309497189,782.3989997606259
1780.7775319879001,775.0546454243886
1774.210585839348,767.5299571726937
1767.8709397187158,759.7804757059312
1761.8178263462614,751.8252337228041
1756.0748291244672,743.6452872137015
1750.6713798603705,735.2359451718185
1745.628674906493,726.5911303098728
1740.9784118060488,717.7416475594509
1736.7304940539216,708.7050788035594
1732.8705117660975,699.4665198386174
1729.4095781670367,690.0949436460978
1726.3181738385379,680.5811329625162
1723.5789468941985,670.9636607016619
1721.165827842542,661.2699603246547
1719.0428532037367,651.4898698634825
1717.1861762828753,641.6633475092108
1715.564278318725,631.7892382511964
1714.0387722626328,621.90809520334
1712.2028106297093,612.0832533572375
1709.7913303381065,602.3796201715013
1706.4192726286128,592.969500633888
1701.673445457709,584.1794425974367
1695.458388030529,576.3555272221565
1688.1589852386824,569.5521977756434
1680.205078125,563.482421875
1671.9262784188613,557.88081418816
1663.5638819433225,552.3915558015287
1655.1973600387573,546.9086542129517
1646.7775221096817,541.5075414001476
1638.2794713854964,536.2494729842583
1629.5743958835956,531.343290559249
1624.4453650003998,535.8523125459906
1623.2388271946693,545.7912598282564
1622.286205100827,555.7408351954073
1621.4435048023006,565.6986916090827
1620.6649001050828,575.6771971916023
1619.9323302460834,585.6362556423992
1619.2300967515766,595.6264110170014
1618.5545753069873,605.5911518688335
1617.9106626833468,615.5737168677654
1617.2955598225708,625.5636210962311
1616.5814408554688,635.5281291936935
1615.7343416349358,645.5013514594302
1614.7141636759043,655.4480740353465
1613.4628803627238,665.3581523557532
1611.892775885848,675.2478307864658
1609.8924375516326,685.0388494247763
1607.291746005416,694.6812667325139
1603.8477662094228,704.0782906582899
1599.2908248901367,712.9662208557129
1593.3850200933812,721.0208903309685
1586.1460775449123,727.902758008704
1577.8892697329575,733.5162442030414
1568.988925580441,738.0700548575933
1559.707616877873,741.8088919290312
1549.9547348644828,743.9234089876936
1539.9734591843571,744.2677523865077
1530.0467671172573,743.1334355971212
1520.3357211045077,740.7967580663535
1510.8997137690149,737.4727656634295
1501.7958063339302,733.335140478006
1493.041149975572,728.5113223305525
1484.6354721992975,723.0915183202596
1476.5979851372158,717.1581569067948
1468.908809871593,710.748979734637
1461.6038044831948,703.9345769848442
1454.6693555453658,696.7342977104217
1448.1193841523327,689.1840465287332
1441.952622066383,681.2953832012572
1436.0461101531982,673.2296838760376
1430.1481073270552,665.1690800136421
1424.2348449257552,657.0876213985321
1418.3388256132603,649.0297283381224
1412.4267801307142,640.9499328453094
1407.4704397320747,645.706164509058
1402.8075278401375,654.5656971037388
1398.1569131832803,663.4018649517675
1393.4925753474236,672.2641068398952
1388.9182359233382,681.1501281553647
1383.9901017188095,689.8449596120045
1378.6277663565124,698.2895460895961
1372.955272000283,706.5102526172996
1367.0010880418122,714.5601622834802
1360.8041792766307,722.4123613886768
1354.3592545986176,730.047034740448
1347.614470984845,737.4259578987258
1340.49872966962,744.4385212532798
1332.9486461120105,751.0133467734413
1324.806626856327,756.8112453818321
1315.9978555275065,761.5234385781168
1306.5731458696973,764.7866450203146
1296.6946769249098,766.3415055194582
1286.7030382498197,766.1583861008257
1276.8630767167633,764.4733286913397
1267.2843298046519,761.6122981839562
1258.019764389077,757.8827391947943
1249.0155691843302,753.5005637495142
1240.2845350414282,748.6563056089217
1231.7379099044338,743.4402529613726
1223.3805298595742,737.9597608973875
1215.1690269369592,732.2676388764212
1207.106009479612,726.3530481792986
1199.3014194071293,720.0835123956203
1191.8801175798508,713.384374815425
1184.9651489981552,706.1727293997319
1178.6778538035578,698.3990541231469
1173.1180918318569,690.0837189206504
1168.330087480601,681.3222012207843
1164.2589830458164,672.1850250661373
1160.8325937924892,662.7994075906827
1157.9386814956451,653.2222784760161
1155.481701221911,643.5251193960385
1153.3741416324046,633.7475096897106
1151.5461286591017,623.9262909218087
1149.9354188239568,614.049851505627
1148.5021274854444,604.1598109714323
1147.2061700553531,594.2305819040848
1146.0257769566597,584.3150758333286
1144.9228634011233,574.3672444823897
1143.6216487764923,564.4544931780238
1142.197931110859,554.5592901110649
1140.6895681111928,544.672574487995
1139.1153674043453,534.7898152431735
1137.4906178069214,524.936331739751
1135.8146410750924,515.0674911496462
1134.0964255416766,505.2131104981527
1132.339786694225,495.38129141570244
1130.5407687338575,485.5446883106797
1128.7000026962633,475.70865305243933
1126.8205908600012,465.89644945212603
1124.8928689291588,456.0707490817058
1122.9188450268703,446.2619390868349
1120.8930514435488,436.470318351945
1118.8073212346062,426.6952836671844
1116.6686148419249,416.93776477752544
1114.5290453859325,407.15754405662483
1112.4134549598475,397.3881690918406
1110.3353318705067,387.60192902730887
1108.3278146449939,377.8069643667932
1106.441681897295,367.9954352653458
1104.7627922547545,358.13118500208657
1103.4631675947603,348.2086514233233
1102.8740268914262,338.2356631591683
1103.58258069132,328.27552922896575
1106.177722072578,318.62814011296723
1110.3712636247892,309.5655499009936
1115.3005492909579,300.8714235062944
1120.518342354015,292.3407074760728
1126.3296321046953,284.21062494237117
1132.8264736905694,276.6057375445962
1140.0246848231182,269.68076007720083
1147.9534517435825,263.5771741074534
1156.556104329922,258.4928828896243
1165.7546902341473,254.5966342419615
1175.4116487445065,252.0331436293675
1185.3301601063667,250.8921717404537
1195.3269409006446,251.1864605345129
1205.1754662019987,252.8574247656063
1214.7218500407034,255.7923414293764
1223.8502292407957,259.85440261829535
1232.484165628288,264.9032628006428
1240.5608927755845,270.7937828659549
1248.054864824866,277.3994675866561
1254.972432389075,284.6268932226285
1261.3035724973681,292.3733244488733
1267.0555630001472,300.5574534191983
1272.2308689452273,309.0928503370794
1276.870777341659,317.9663946635901
1280.9650979065661,327.07864875329665
1284.547390250728,336.42068607720535
1287.622150824738,345.9194513668642
1290.2204834446165,355.58400921359134
1292.3496979003191,365.35069738657126
1294.0312089920044,375.20508766174316
1295.5361797064543,385.0948952138424
1297.0397623535246,394.9755811803043
1298.544364285568,404.8629653051612
1300.0486638303846,414.748362313956
1303.5228288024664,418.30318300426006
1310.3454098809452,411.0100790927827
1317.1746494725812,403.7098574603442
1324.008771302877,396.4044168831315
1330.843338666018,389.1100092607667
1337.919393174816,382.0290109672933
1345.4145050048828,375.4205074310303
1353.509360074997,369.5487052500248
1362.340860205295,364.89617264054687
1371.9184917025268,362.1006775670685
1381.8883406254463,361.64614469889784
1391.7235248982906,363.3810125775635
1401.1504969210364,366.7057559240493
1410.1396193968249,371.048485012514
1418.804373141902,376.05001931677543
1427.2182109899586,381.44064848888956
1435.8075376345078,386.5549927222746
1444.943309837021,390.62515903718304
1454.7665200894699,391.46314963989425
1462.2726100087166,385.2848512753844
1465.82532990037,375.9694367315824
1467.6678384868865,366.14099849532977
1468.7268671594647,356.1980773792475
1469.3564604258863,346.2108352342766
1469.7220169623179,336.23233816428365
1469.9163119355217,326.2291196825681
1469.9934733508126,316.22947157264025
1470.0199957896257,306.2321254005219
1470.173098613508,296.226334380568
1470.5416122683528,286.23863052244087
1471.243375675098,276.2613716916876
1472.4702359223738,266.33552167669404
1474.5291962996125,256.5612136470154
1477.8565235445276,247.13888335239608
1482.7994865732035,238.4581076893228
1489.2130104228854,230.7978436788544
1496.320071972208,223.7771499156952
1503.8059060554951,217.14148998260498
1512.415486427024,212.16331005096436
1522.2776107788086,211.707763671875
1531.687587491033,215.02548187971115
1540.5646643142682,219.6403968334198
1549.204541540792,224.67574805021286
1557.760211482644,229.85380172729492
1566.1341815441847,235.30322942137718
1574.1508853395644,241.2939822594053
1581.7400951478521,247.793120224007
1588.877758680308,254.79462259714637
1595.5271593671387,262.27704585419997
1601.6332714273885,270.18450135277817
1607.1830202490091,278.4994175732136
1612.1456892547758,287.1707905049625
1616.5146336904909,296.17675293520006
1620.263701817912,305.4421258996372
1623.3966550202786,314.9404432121155
1625.9090253569557,324.60832086361916
1627.8152164432686,334.4376504844986
1629.1174327647059,344.3440958689389
1629.8353896005829,354.3205535737434
1630.0105930182617,364.31483500264585
1630.305013003992,374.303804660216
1631.0377385374159,384.27795104682446
1632.3084927474556,394.19734541582875
1634.37379039824,403.9770442247391
1638.20323009789,413.16477739810944
1647.1048409043578,416.7775375730125
1656.837672331385,414.7151676402573
1665.7112982507533,410.13359314731497
1673.6478757060831,404.0918956830865
1680.5881123011932,396.88390526827425
1686.163613521494,388.61607246939093
1689.5878955418448,379.25586352117534
1690.3751288588392,369.29288801411167
1692.504122007449,359.53462081676116
1696.0088230027031,350.1886200172012
1700.5521358847618,341.2712752819061
1705.9212567074428,332.8389078559703
1712.0100250756786,324.9167276036678
1718.7735668177065,317.5569780694568
1726.2065042067698,310.8629055673373
1734.3173006335273,305.02687158063054
1743.1496894415613,300.35499019670533
1752.816974090485,297.96516777620127
1762.7982397264568,297.9186807438964
1772.6480839968426,299.62848682387266
1782.1833427623224,302.63796987687783
1791.3394570918754,306.63410348352045
1800.1056776303885,311.41680009623815
1808.500399492681,316.8723436072469
1816.48082750305,322.89573714538164
1824.0436143176776,329.4423670659744
1831.1441641489073,336.4656278051989
1837.7554893120978,343.96806878103234
1843.7947008694737,351.93064489654535
1849.1715766974958,360.3725406884914
1853.7237205504061,369.2731241139845
1857.2424862699572,378.61673396248625
1859.4420899818087,388.3650168943914
1860.017664860934,398.33740994590335
1861.034318242222,408.26444629230537
1866.7395342029631,416.10540040419437
1876.2827118299901,418.8953214024659
1886.2567425263114,419.72506569096004
1896.239758413285,419.9656859196257
1906.2481166187517,420.005736827241
1916.2416029492015,420.18729532403813
1926.2264085479983,420.6810208901734
1936.19429346174,421.57744999974966
1946.087018338365,422.97402573124964
1955.8835811418685,424.9738371636922
1965.5204533508168,427.65828357127066
1974.914463043213,431.0600929260254
1984.026923534766,435.1665208524355
1992.8379986028976,439.91574492137624
2001.3251819998986,445.1972601229354
2009.5269333025208,450.91406673321035
2017.481774330954,456.97235423035454
2025.234458089808,463.29666436516163
2032.8106483149022,469.81365453895705
2040.2580367779592,476.48677257134113
2047.5947654689662,483.26656793546863
2054.9231700897217,490.071515083313
2062.2637266314705,496.887746157794
2069.5843530374696,503.6854706776503
2076.9144111188943,510.49195318183047
2084.235158354044,517.2897899001837
2090.8807148581836,511.22826773906127
2097.428861880675,503.6879772283137
2103.993068178679,496.12919421849074
2110.553008859977,488.57532313093543
2117.1002150718123,481.03611597791314
2123.4051901741623,473.2730339708651
2129.613368852646,465.4172635198338
2135.7356517786393,457.5104901724262
2141.744662786834,449.52993459347636
2147.545205593109,441.378990650177
2145.676813483238,434.8078069612384
2136.0000485926867,432.32003317866474
2126.1978626083583,430.38379434717353
2116.3343423809856,428.76627908542287
2106.416106101824,427.40898987928813
2096.5050974381375,426.11152065945316
2086.7031181552447,424.11742168304045
2077.102997233719,421.3529870624577
2067.7462896497673,417.81468419577686
2058.723782641988,413.5224403244065
2050.082393611956,408.48449531300867
2041.9034855552018,402.73174162302166
2034.2662454662568,396.30509688857455
2027.2081137013038,389.2121654287055
2020.8211137441758,381.5116455466723
2015.1900043573623,373.27312365966463
2010.3612903109752,364.51527696836274
2006.4231815715902,355.32774145349686
2003.4438720140024,345.7877630703588
2001.48414716361,335.9769996319974
2000.597838525835,326.0246031150309
2000.8111100324531,316.04053099351404
2002.1285578328534,306.1335459221591
2004.5250902096159,296.4309689383226
2008.0972345097325,287.09534922027524
2013.7880964556462,278.9052845640181
2021.0033176947036,271.9927276253584
2029.122417718172,266.1860781610012
2037.8371661244237,261.2754846785465
2046.9462177352398,257.1259094349225
2056.3045821724154,253.64592880805867
2065.877018418687,250.74946965108393
2075.603658720116,248.39395727852389
2085.433539513142,246.55238968999038
2095.3356808120952,245.20707475540257
2105.293322687503,244.35061040194705
2115.287699157284,243.98703735335312
2125.282271944452,244.12967501347885
2135.2636448017947,244.8003810602604
2145.1780725683384,246.02647215354955
2155.037333687156,247.75661699147895
2164.791343600624,249.9190151853836
2174.480580882315,252.44552047131583
2184.062198840945,255.27178632113646
2193.5708241076763,258.3698910227031
2202.9881560095127,261.70732398418477
2212.3396446508314,265.27475647677056
2221.5981590002775,269.04972290992737
2230.774112605257,273.0290780104697
2239.8550311569124,277.2049383819103
2248.8493486253433,281.58359178536193
2257.738245272736,286.163392413815
2266.5180836933723,290.9556045080535
2275.17390865949,295.9727304838598
2283.6659736370675,301.2208916292875
2292.009787356783,306.75398211280117
2300.1272733684054,312.5858315023943
2307.9775301260634,318.78578686440596
2315.442778838178,325.42620484330655
2322.6967415038525,332.32420403331344
2330.1328150905756,339.0022330807842
2338.230865114485,344.8482890614541
2347.596298929653,344.8698789527407
2353.761105877231,337.06851941521745
2358.8653686958187,328.46764950273655
2364.0547235408512,319.9172989602862
2369.3777197613845,311.459889045655
2374.8843953300056,303.10807643493536
2380.61436333616,294.91673530081016
2386.6346961596837,286.9315415613087
2393.019303407269,279.22717219246624
2399.8304691233498,271.9264462473511
2407.181586163828,265.12721211651296
2415.0884329434484,259.0260548386723
2423.5822685144194,253.76001719320266
2432.5999698274572,249.4476364550319
2442.0189285183733,246.1212475396751
2451.7355308541155,243.71052211601636
2461.6049649855995,242.1009475431929
2471.543548354879,241.14657900296152
2481.5431684926443,240.7093681289989
2491.535398043925,240.67763292579912
2501.5322931500887,240.95908785491702
2511.5255839619895,241.48244202208662
2521.4973759627055,242.19093557585484
2531.4665004754315,243.03690066105264
2541.4173486004693,243.9802391046942
2551.3408767434303,245.2468757426832
2561.193325344142,246.86971930710206
2570.9935673217697,248.88893002652912
2580.6887665987015,251.3258639574051
2590.2717726158735,254.2013192861632
2599.698722204572,257.5123391641828
2608.979145091431,261.25908073692335
2618.0648356729653,265.4041395743843
2626.9963951706595,269.936352708115
2635.7195888012648,274.78824846446514
2644.2925372035133,279.94581261442
2652.7050982790533,285.35606467933394
2660.9685071107524,290.97803020468564
2669.822913369164,295.4602943798527
2679.6279591626953,294.4565158718033
2688.195084518986,289.3829656346934
2695.8399814160075,282.9349859090289
2703.026021809157,275.9771681524726
2710.232421875,269.052734375
2717.8945893524215,262.61187873687595
2726.4989851001883,257.5905559697421
2736.2666342174634,255.77519440930337
2746.147096922141,257.1670297814271
2755.762468851419,259.937970487008
2765.121850239113,263.4296386325732
2774.022379472881,267.98589849869313
2782.465127409203,273.3058154642349
2790.5299020558596,279.24514190107584
2798.1824548526674,285.6702536447501
2805.4364591897174,292.5393142951507
2812.27493920107,299.8399342057219
2818.6300403125533,307.5640424171961
2824.390454054257,315.72741167196364
2829.3748373538256,324.39466700702906
2833.1865746974945,333.63379913568497
2841.4344005584717,337.69422578811646
2851.1611119615845,335.49011406034697
2860.487513029191,331.87474177191325
2869.5623609288014,327.6942477707198
2878.630207504162,323.4641356385655
2887.913713395903,319.76800308005113
2897.463916017674,316.80311209894717
2907.2733427080093,314.9268044021446
2917.2580119047925,314.52519669555477
2927.170130697821,315.83620174371754
2936.7224196121533,318.7541870950081
2945.798725835235,322.92921720228696
2954.4109858786687,327.9828558508307
2962.661930885748,333.643703793874
2970.6210248849093,339.70893992556375
2978.3455313601753,346.03881140525846
2985.922079973834,352.57480887270367
2993.368106305599,359.25580210238695
3000.652711892084,366.09897802156524
3007.7822890415555,373.11461673952
3014.7001564552047,380.3300310223658
3021.3516552931396,387.7878276345
3027.679956516935,395.5417723885057
3033.5960465270327,403.61002587490657
3039.0198047700833,412.00175507614586
3043.89713527383,420.7230031252202
3048.194407602554,429.7486091990122
3051.913013198413,439.0350364045007
3055.0858675045893,448.52275941579137
3057.7698117465334,458.1470007301414
3060.0410525407497,467.8791812725558
3061.97459338326,477.70607438345905
3063.626872718334,487.55633107572794
3065.132450858131,497.4418199248612
3066.636425247416,507.3250801973045
3068.1427358519286,517.223692741245
3069.6461817787495,527.1034802603535
3071.72499169223,535.2929093372077
3078.877124688821,528.3173722170759
3086.0338110755,521.3373941362406
3093.2005499596235,514.3476117677747
3100.3573831599206,507.36749049834907
3107.516050847382,500.3855800377387
3114.671062266367,493.40723556737066
3121.824195642086,486.4307227688296
3128.9917893838756,479.4401066502942
3136.141900080489,472.46654189680703
3143.312366828817,465.47312371016596
3150.472067260882,458.4902060048189
3157.681236386331,451.569790770659
3164.9086224075236,444.6651610675799
3172.1289655318815,437.752601988057
3179.3326278286795,430.81276748291793
3186.490955106381,423.83013675171196
3193.5776018817814,416.76202936301297
3200.514104739079,409.5717840793368
3207.2134252478863,402.1346249903145
3213.399678967893,394.29280583560467
3218.3797233297755,385.64120653672217
3219.582044762632,375.8890187711513
3214.0948381675407,367.7266143616289
3205.7541854299943,362.2413048028866
3196.707092745726,357.9840307468876
3187.4161736877395,354.28911383021796
3178.013824037833,350.87413122046155
3168.5699317289545,347.6060599211196
3159.0932080217117,344.4021412777547
3149.617572515561,341.2231247994605
3140.127238070221,338.0476201850943
3130.7062206629903,334.70688186421785
3121.4028765370676,331.05806048366867
3112.2203563264325,327.08160590176567
3103.1983329795185,322.77090036010486
3094.35089569228,318.1054107872719
3085.713651859935,313.0714743981903
3077.3159430785236,307.64764351595295
3069.1970981167906,301.8121234040191
3061.4074927211054,295.54332932311945
3054.0097371509482,288.82054130670576
3047.071458918489,281.61514034142647
3040.694593774322,273.9196444705776
3034.9872565567493,265.7211993187666
3030.0710480914495,257.0016604074808
3026.1195790799684,247.8206672120432
3023.296182560669,238.2483153011599
3021.751392646227,228.36419076262973
3021.6129922480686,218.38099183310624
3022.924840386957,208.4735232833773
3025.6426013115924,198.85459940193323
3029.632455609062,189.70544563504882
3035.646069601833,181.7665479489806
3043.8159533570597,176.0657227233587
3053.066084520755,172.30568463958298
3062.7897123842695,169.99263754033996
3072.7172910804074,168.74238301358128
3082.700935464436,168.29962227034207
3092.700562871095,168.49174755864192
3102.6774513946384,169.2027568356625
3112.6082146978006,170.34977206680924
3122.485286606141,171.87313493665715
3132.306566552974,173.72934319439628
3142.0677831759795,175.8852315828201
3151.776689775288,178.31832294911146
3161.410326025725,181.0040305173752
3170.971415824016,183.92815487913572
3180.4678103028564,187.08239766635393
3189.8702757954597,190.4487115740776
3199.213299425627,194.03408912581222
3208.472015045767,197.8265138593324
3217.622837056132,201.81431631337068
3226.7040290256873,206.0150224995075
3235.692814008342,210.42189189844612
3244.5667237830494,215.02825770863274
3253.3230816864943,219.8385360427219
3261.9772986618755,224.87042409839523
3270.4853904416577,230.1094139098966
3278.859429442414,235.57609460350682
3287.0715538299864,241.26884437628723
3295.127371582761,247.21209012316285
3302.9912559903782,253.3849283337958
3310.7440369507913,259.696988501888
3318.4010655880807,266.1355326448079
3325.937797574013,272.6988927482547
3333.3610917765327,279.41519196212175
3340.630276342878,286.2728322896787
3347.744410043339,293.2996753271168
3354.676982680918,300.50381360552717
3361.3981265214243,307.8934776803071
3367.8980813220255,315.50573981028845
3374.1269383387476,323.33931797310333
3380.039699328981,331.40299132350765
3385.5870196362957,339.70603640563786
3390.7308164497354,348.2863771808079
3395.392336216042,357.12636442043004
3399.5115069531817,366.2468237509652
3403.001566199024,375.614057890662
3405.7903336395034,385.21450573121047
3407.804102394948,394.9991841868323
3408.9883637381718,404.938951427117
3409.3019156313185,414.9136620995814
3408.739405212007,424.8956105916004
3407.318747725299,434.80158216079917
3405.0896790984407,444.5472725315776
3402.1195025236975,454.08370106736766
3398.4764332652103,463.3973537057791
3394.2423456944034,472.45451179823067
3389.4867148955,481.2573003054313
3384.2888419289866,489.7877824897737
3378.6903714101127,498.0838274469993
3372.7645461000757,506.1257317554014
3366.5395444223323,513.9505347221161
3360.0490431988874,521.5761630400957
3353.3477656433183,528.9911048128594
3346.4524467052406,536.2225735706029
3339.3718681879254,543.2981984479993
3332.1501407972846,550.2060384726756
3324.7875986684912,556.9739200318232
3317.2993815484224,563.5951691922965
3309.7182849155506,570.1247039927403
3302.2227088424406,576.7410798904457
3294.8060368672013,583.4485398158431
3287.468598838066,590.2519949571142
3280.2301436236157,597.1465927639947
3273.0916152755963,604.1584070761455
3266.0986762046814,611.2943749427795
3259.286921929219,618.628953446052
3252.8488550959155,626.2602411927655
3247.7042644172907,634.7969307228923
3245.572590387241,644.5319840793873
3245.7425861011725,654.5239788606996
3247.4199572708167,664.362269699006
3250.1726164456923,673.974562187097
3253.7580215655908,683.3149830877228
3258.0307287204087,692.3522619092746
3262.908546732506,701.0696058591129
3268.354572914377,709.4539846530624
3274.3503200209234,717.4649421273498
3280.878825896343,725.0258626954401
3287.9725587259636,732.0780157504687
3295.634769525501,738.4961826302497
3303.639415019541,744.4947208634112
3311.9286875128746,750.0645881891251
3320.6737006390467,754.9088882561773
3330.0801445055986,758.2568113466259
3339.9709804346785,758.0568690989166
3347.9278219927364,752.2618507423613
3352.740976208108,743.5285212636518
3355.751368812169,734.0050451860297
3358.2901297732733,724.3389074132119
3361.4646883692567,714.8522840567693
3365.4784413246107,705.7057292897825
3370.615602827007,697.1271486664209
3377.1796824112535,689.6131988540292
3385.3549047393026,683.9071873138892
3394.809777096845,680.7579356217757
3404.761785614115,680.2486859633791
3414.641245823237,681.8242742650909
3424.1556701660156,684.8409729003906
3433.323721851304,688.8554148403437
3442.133575439453,693.5542297363281
3450.6694185562965,698.7684880955196
3458.9973932516587,704.3145489784511
3467.2597202070465,709.94170997951
3475.0973678056907,716.1288452035369
3481.7111707322765,723.6082078855252
3486.0087720147276,732.6022410429578
3488.198189718434,742.3455027762593
3489.2299542685505,752.2794394475641
3489.7061059155676,762.284387639389
3489.910758010399,772.2812120025355
3489.9845374753822,782.2685874321087
3489.9999582934834,792.2774330531392
3489.9098334991686,802.2807867485408
3489.5956716033106,812.2764450563845
3489.0294424326457,822.2555799170714
3488.177813950315,832.209445385568
3486.9981337257195,842.1391896869754
3485.4382033158618,852.0268291329703
3483.4399473947997,861.8134746411088
3480.915773382556,871.4953004167619
3477.768248171051,880.9901855734788
3473.8752093977055,890.1930866208513
3469.0832004581716,898.9617085737573
3463.2269122177677,907.0669782373152
3456.1974265996832,914.1547242192319
3447.99709945661,919.8275806618622
3438.806303217305,923.7555417347485
3428.9831114146364,925.5423023841722
3419.0447167564416,926.7011036564363
3409.0807020615175,927.6022607150517
3399.117059324053,928.3282959986245
3389.1337346005002,928.9145794691813
3379.136087030478,929.3748693321686
3369.147472267039,929.7122670253739
3359.151492427918,929.9241537671769
3349.158228776767,929.9999806975247
3339.1583914882503,929.9656350058503
3329.157800133864,929.8159848686191
3319.1618889483507,929.4534912924864
3309.1875132136047,928.7253609038889
3299.269675969612,927.4118610420264
3289.5092478418374,925.2662050185609
3280.020150128752,922.1309296898544
3270.8944424577057,918.0664422176778
3262.0976128280163,913.2848826944828
3253.583555475401,908.0461688937503
3245.2496421605465,902.5239421268343
3237.026820613595,896.8352092003333
3228.867709856946,891.0523948012851
3434.7653865860775,892.0718781743199
3443.3699645996094,886.9869995117188
3451.260849291386,880.8680497634632
3457.865966935482,873.3668330434302
3462.676523161703,864.6290021755267
3465.807045853553,855.138215667921
3467.724791490313,845.3220303851704
3468.8621114980924,835.3980662901013
3469.511242488981,825.4097670179326
3469.847586352689,815.4322462214441
3469.983904062452,805.4257984674446
3469.9390265796796,795.4294312484628
3469.3536994359583,785.4372533782062
3468.0812108969985,775.5286875555612
3466.0109047909505,765.7490658224576
3462.990261709201,756.2102667320287
3458.8111819765763,747.1373587778071
3453.15888280551,738.9293604871054
3445.5795936154263,732.461709322919
3436.0815419159917,729.7528010107781
3426.624800595091,732.6041491212527
3419.3248028960134,739.3651323961221
3414.067089285936,747.8481942057497
3410.2688096720613,757.0842936324934
3407.519530290607,766.7015135378315
3405.507463959708,776.495915436748
3403.3063054521917,786.2415934312303
3400.2071713916957,795.7389027150348
3394.789642828051,804.0798728404334
3386.0482395780273,808.660529308836
3376.131392709445,809.9049760663183
3366.1331523529225,809.7867366039864
3356.2787688120497,808.1884504626123
3346.6864539053804,805.3572357780376
3337.4333208843873,801.6046994372282
3328.4817831744203,797.1225702624852
3319.862702271681,792.0759594552783
3311.526637134407,786.5466512004939
3303.474108325727,780.6147688624299
3295.698320051146,774.3361839368736
3288.1884755234933,767.7469994457206
3280.921194879569,760.8560659037157
3273.932003529093,753.7169200751578
3267.200504579805,746.3193896366431
3260.744613648869,738.6817718761943
3254.5767021042384,730.8069823172257
3248.7261677091865,722.7089808365306
3243.204812705866,714.3628664606949
3238.0654373910456,705.7847909840148
3233.359862439549,696.9695547086797
3229.151098125044,687.8935181094373
3225.5472055183927,678.5721203259163
3222.6778717816196,668.9880491742952
3220.7423642196954,659.1907181129354
3220.0004110446753,649.230869110892
3222.599278235124,639.6403819649713
3227.3634557885816,630.8562985984609
3232.873730289648,622.5194986091228
3238.7917703437415,614.453879734152
3244.9612658107653,606.5959454849362
3251.324738577023,598.8769639815437
3257.8217438037154,591.286603356406
3264.446306527252,583.7779024939082
3271.154316069442,576.3636573022231
3277.941209594219,569.0214140921162
3284.7922147361005,561.746720835843
3291.7068788419147,554.5243589632591
3298.678912458303,547.3486653190485
3305.6964136749066,540.2236210589249
3312.6740877314005,533.0600418790709
3319.5926172933578,525.8419850361256
3326.45011504427,518.5486715556726
3333.2119650878126,511.1893427613325
3339.8702520076185,503.73874902538955
3346.4122864401984,496.1673824780059
3352.7975163753563,488.46630616193534
3358.9795264947206,480.62051090360546
3364.9285005437996,472.572332070466
3370.559736725587,464.3068619504834
3375.7826170937224,455.7812282658183
3380.4712418070703,446.9535350884835
3384.4556286582847,437.79162554035065
3387.5257913685346,428.2656154698052
3389.4222115892517,418.46114009376834
3389.9317897979636,408.4769030602183
3388.9512401882967,398.5452541078266
3386.550643005099,388.8435490205143
3382.9409141720516,379.521350996059
3378.385379708925,370.6348321852565
3373.100646312733,362.1347903559431
3367.2905527353287,354.0050057172775
3361.0774620299326,346.16761018957595
3354.5652717233206,338.5763779060617
3347.829255049146,331.18862434280663
3340.919360864471,323.9623694809561
3333.8781605126096,316.86912562273574
3326.7445876791207,309.85796735155964
3319.4593472291076,302.9952323612556
3312.0154930353165,296.31254279613495
3304.4114659335464,289.8351063448936
3296.622897574678,283.56924035958946
3288.634155765176,277.53052048385143
3280.4705753393064,271.763240602304
3272.113714695297,266.2761499379121
3263.565444282347,261.09017680368197
3254.8271506931633,256.2219521123916
3245.922652672878,251.69481254793573
3236.8319475930184,247.50449099577963
3227.6043326500803,243.67389018647373
3218.2229104555045,240.19065161060644
3208.7316928356627,237.06134633288684
3199.1308343722194,234.2714706597908
3189.4352186366064,231.8086144400445
3179.663153533864,229.65819083177848
3169.849977885053,227.80605829224805
3159.9680664469975,226.22524433983244
3150.058450018525,224.90090917785346
3140.1139678886393,223.78385699214414
3130.1783168344846,222.70424930675654
3120.2309808650316,221.76639369648183
3110.2394111482427,221.06765269860625
3100.2580134046875,220.81594245351152
3090.2883591743885,221.5132479793392
3080.8703118945705,224.65257100621238
3074.6642146343365,232.2995123155415
3071.957887193348,241.89776088838698
3072.2176444268553,251.8368845176883
3075.3355963183567,261.31147139146924
3080.51419778355,269.8510556167821
3087.0076625676447,277.45418156223604
3094.322839556329,284.2534515698426
3102.199513112688,290.41919386894006
3110.44759598173,296.0548948229625
3118.9964802443737,301.2752671365088
3127.7311284342313,306.12201999955414
3136.640597361722,310.66984644299373
3145.6686464854283,314.9486981634982
3154.8182868079284,319.0045105190684
3164.0535227186065,322.8555812588238
3173.3423710004427,326.51532705311547
3182.6512958663516,330.2048344303912
3191.8702371634427,334.066181160455
3201.009456809552,338.11140358746707
3210.069898992777,342.35258963517845
3219.0310433634513,346.7957566510099
3227.881294634659,351.45583239532425
3236.591776977759,356.3453264608106
3245.165298993408,361.5054864532758
3253.539117547043,366.9552673824037
3261.694615118671,372.7684598144551
3269.504773852008,378.99014084007285
3276.858865182847,385.7698037682567
3283.437551582698,393.29669380767155
3288.4790770863183,401.8997566824255
3288.97519993037,411.4527267785743
3282.7972026955104,419.31113641256525
3276.026442290866,426.67069697483385
3269.0493124434724,433.8314844298875
3261.9462484763935,440.87508313159924
3254.7540689110756,447.83338805288076
3247.5100134428794,454.70650449962886
3240.196098505854,461.53235905985093
3232.841333687189,468.2965382984403
3225.43335300959,475.01837650236666
3217.976101157808,481.6891736759351
3210.546545267987,488.3870430122058
3203.202768137562,495.1555087509332
3195.930891162692,502.0343010516717
3188.773763201545,509.01541942566496
3181.741773712798,516.1274467775365
3174.8635059992985,523.3888456443049
3168.1727835266665,530.8210197151802
3161.7084737782443,538.4496027851367
3155.5141871274245,546.3059917814826
3149.65859189772,554.3990669796167
3144.192448365953,562.7682561464462
3139.182453004192,571.4343844326359
3134.7127226417488,580.3709678611904
3130.8311098674167,589.5813871933933
3127.5764460194478,599.0342027217703
3124.9566172750056,608.6961204430409
3122.959740466007,618.4813529470466
3121.531494440438,628.3721341084893
3120.608917236328,638.3345031738281
3120.123205509226,648.3155338221259
3120.012792247204,658.3304751793366
3120.3860728730215,668.3141206537839
3121.2415905353328,678.2765111895446
3122.5647811710824,688.177672507245
3124.347213323612,698.0347566355886
3126.5644158614805,707.7800289666425
3129.206670979969,717.4308658298105
3132.2504101795985,726.9488630506203
3135.683327076261,736.337512968516
3139.489734681974,745.5864254134317
3143.6477693725883,754.6722023052812
3148.1473002824496,763.5981850066746
3152.973072915839,772.3543097055103
3158.117679795081,780.9429980540699
3163.5510942852125,789.3293185513467
3169.2742700586914,797.5279726942135
3175.273618691266,805.5283735175908
3181.535551758685,813.3199340563988
3188.0658704324633,820.9138759841039
3194.8329353928566,828.2764254808426
3201.8333844509175,835.4071002498213
3209.0650384733453,842.3039096761495
3216.5267064775308,848.9631897183244
3224.2068136204225,855.3704188109102
3232.104844494038,861.5193532100261
3240.197527166323,867.3853853752917
3248.4839779192107,872.9606847472046
3256.9756726430205,878.2423304037843
3265.6605134538277,883.2095717387601
3274.5256465572165,887.8409737686161
3283.5574457849025,892.1144043057006
3292.7665440421642,896.0170178518638
3302.138156192502,899.5216437343538
3311.656396663151,902.6000842502981
3321.304249035473,905.2230909740751
3331.063535309235,907.3603408106101
3340.940180446836,908.9838644990232
3350.8754926191605,910.0537329187339
3360.860211698533,910.5386010093794
3370.8587024817243,910.4040803480893
3380.822270181746,909.6192480276518
3390.7144638319583,908.1566733134782
3400.474909029838,905.9978694435927
3410.0568922437556,903.1304887408519
3419.3925924609534,899.5590935037371
3428.4410821701026,895.29151657601
2386.2209986178204,833.011148808524
2391.854343114537,824.753989854129
2396.188128144131,815.7647517195437
2398.9136304938,806.1422830193769
2399.6054564042715,796.1984687324148
2397.809440085941,786.3871792233258
2393.2322796061635,777.537137940526
2386.0989807433216,770.6042889081873
2377.1291380897164,766.2406339347363
2367.686801381409,762.9260636270046
2358.0882683027303,760.1490846355446
2348.381616071638,757.7494233785546
2338.5917487185216,755.676191770006
2328.7820592069365,753.7678136968352
2319.0136743670737,751.5985990649497
2309.324951345101,749.1207582298666
2299.735548922694,746.2867788764597
2290.2905425605422,743.0477389869338
2280.9934014645223,739.3282923069601
2271.9517668094195,735.0823915805377
2263.2118325164665,730.2312097480644
2254.876989006734,724.7188869712118
2247.051591200201,718.4981797164364
2239.8440378904343,711.5456980466843
2233.3972703639884,703.9281312648673
2227.753217013553,695.6791508514434
2222.9488241734216,686.9116887180135
2218.8481762948213,677.7881050640717
2215.6314993300457,668.3269745541184
2213.668715196007,658.5318304697284
2213.2846718335113,648.5448899227922
2214.556815248565,638.6335179684684
2217.262265035519,629.0108413362177
2221.0425363302,619.7711720896623
2225.5943674116807,610.8623137030954
2230.6710326809425,602.2572722476762
2236.1270593674853,593.8734492883086
2241.847032302874,585.6737561756745
2247.7624486770346,577.6110528229183
2253.8216624055112,569.6552172054635
2259.9849535598496,561.7864722056402
2266.2560172572757,553.99360035172
2272.5428892970085,546.2049053907394
2278.7761728141777,538.3898969733564
2284.9458608698333,530.5257012436632
2291.0307943057705,522.5899538653612
2296.9949481387425,514.5601815943851
2302.7898215426776,506.40249961318113
2308.337515474037,498.0841129774526
2313.5414917839644,489.5441592823008
2318.2519717395626,480.7401893840579
2322.304693297294,471.6008628969721
2325.5167625800677,462.1278145760007
2327.7860121879494,452.3940854331013
2329.1657521621364,442.49178614692573
2329.8317579376744,432.5168065682519
2329.9994684355897,422.5247072111397
2329.7146057940354,412.5240717157194
2328.7947118141456,402.571907140431
2327.045485592287,392.72113396837085
2324.267729800902,383.1262987290156
2320.2976956376806,373.95487665291876
2315.1047098664567,365.4256624924019
2308.8018591817963,357.67204064496036
2301.6063056062994,350.7228218238015
2293.7703957555004,344.5259611430429
2285.463828764434,338.9490877614153
2276.836427669039,333.8823270430021
2267.9965289110332,329.22766165542066
2258.986158138332,324.88798055113693
2249.855893400747,320.80005338889714
2240.650970203902,316.9306837345466
2231.298586909603,313.33872677084946
2221.867367424071,310.06443609297276
2212.3039848972257,307.09455923657515
2202.67091742903,304.45587791502476
2192.9397389971255,302.1490909318659
2183.1236782809046,300.1901415925495
2173.2582453050363,298.6003301885371
2163.3306483045926,297.39553941360873
2153.371257126034,296.6026106514687
2143.3688364154623,296.25076701784064
2133.3751861231376,296.37995129343835
2123.39324058738,297.0389865245147
2113.480033775776,298.288683572991
2103.6640089411067,300.2127058564788
2094.0445744661392,302.9115768050651
2084.715237642522,306.5294958248269
2075.9060633848367,311.2201258137975
2067.8888930937046,317.19330895471285
2061.1668666732276,324.5739162679638
2056.3375509558955,333.2991139277692
2053.8712092452133,342.96096529372517
2053.792947651542,352.9377903789573
2055.6922204494476,362.74872863292694
2058.882078688126,372.2123449051287
2063.40551880002,381.1159140020609
2069.399623328354,389.1136381297838
2076.773623249901,395.8297371973458
2085.2641600604984,401.09241683463915
2094.4891314868,404.92487325091497
2104.1528084446327,407.5182559574314
2114.0078859287314,409.0911970117595
2123.9906758275465,409.8574014408805
2133.9916084010038,410.0300053816027
2143.959348590579,410.54005687625613
2153.915788970946,411.63444165758847
2163.770964108873,413.2641091152327
2173.5405774248648,415.41960350556474
2183.16493647889,418.10966935362376
2192.6081438551773,421.39261683840596
2201.773901324428,425.39356074463285
2210.424732706975,430.38552211306524
2217.7684128284454,437.0946496129036
2218.84028039407,446.3682499229908
2213.9702995052794,455.11807971820235
2208.663969650748,463.58233093097806
2203.170568308924,471.9319137460552
2197.5559308133215,480.2096106459503
2191.8549608921476,488.42486061825184
2186.073979392837,496.59972487716004
2180.238714681427,504.7153443687712
2174.349609375,512.78125
2168.3934958577156,520.8200054168701
2162.377841618758,528.8032867912298
2156.259204919531,536.7223316393861
2150.1712178831767,544.6554404491012
2144.124626193734,552.6259100110328
2138.159686084953,560.6368565543089
2132.3032244456317,568.7395085652352
2126.6182588320316,576.9871546509567
2121.2452079053764,585.399506720627
2116.32147818699,594.1233457399067
2112.13434830778,603.1869545619411
2108.9372892026586,612.6571758537611
2106.8513635499403,622.4355676528066
2105.710630802685,632.3613042247307
2105.194490097463,642.3419098109007
2105.021018012543,652.3419192919973
2105.021412678063,662.351988658309
2105.3580597411656,672.3393961973161
2106.1558373958105,682.3127460672986
2107.4807635302404,692.2141458970764
2109.4050623942894,702.0373500146379
2111.9781247749925,711.6878530234098
2115.250320672696,721.1459901318922
2119.2227894440293,730.3140937536955
2123.889394199183,739.1645086281969
2129.1874409911925,747.6273875013685
2135.076285265386,755.7227322608232
2141.4593225107,763.4196663289222
2148.2560761641944,770.7330493561458
2155.424249128788,777.7187924881
2162.8709852081392,784.3778957929426
2170.570813452383,790.7681405661388
2178.4667378598824,796.909768415615
2186.524115537968,802.8339408756474
2194.7410044542376,808.5134056109655
2203.1401957984313,813.9495086136756
2211.670807339186,819.179590918018
2220.318708054594,824.1832500012879
2229.1103887197773,828.9615124523141
2238.0276918323543,833.487480540547
2247.064172958286,837.7394355087163
2256.251207986719,841.7089336152696
2265.5609651730388,845.356327623774
2275.001543007959,848.6530303692086
2284.5740270289716,851.5602697208578
2294.258547754289,854.0252591537865
2304.062854787855,855.9922551046202
2313.9677149299823,857.3844355507608
2323.9370883828415,858.1062707752844
2333.935837799032,858.0402686157377
2343.879412631737,857.040701730526
2353.6530470952857,854.9348355218535
2363.039487865459,851.5494248614141
2371.795058821095,846.7257979899878
2379.5492701411713,840.4454042710131
1988.8172791579018,776.5583930251341
1995.8276335955966,769.4441127334908
2002.5819965700534,762.0697512486872
2009.0710865794972,754.4478815498587
2015.273711976531,746.6070323943836
2021.193226561682,738.546144050008
2026.8198596233524,730.2793924275866
2032.1436620119384,721.8215340186907
2037.1636820947351,713.1714219294263
2041.8675941050133,704.3444222062499
2046.2428096478798,695.3567096961015
2050.2835922865847,686.2083142387814
2053.974671064902,676.9168070480014
2057.3060795154383,667.4837201805099
2060.254647076672,657.945877142065
2062.816395813404,648.2729427803838
2064.9640781582743,638.5046585112063
2066.6780558249243,628.648393316003
2067.93302854722,618.7306279201289
2068.70379826962,608.7632996735629
2068.9608934532116,598.7777863738847
2068.67206473569,588.7758309612923
2067.802215067717,578.8116580010574
2066.3159707425198,568.9259010259425
2064.176789735149,559.162313130535
2061.3469330247476,549.5678842892426
2057.7991514205933,540.2204847335815
2053.5134857820717,531.1963361658504
2048.47210418734,522.5553371963451
2042.7388816848397,514.3814883008599
2036.2585661932826,506.7530516907573
2029.034013855955,499.84036978053336
2021.1192446963832,493.7609204780747
2012.5806789699072,488.54590105663556
2003.5854668247466,484.2065696997579
1994.2359441295266,480.6613456979394
1984.6487774430116,477.81811500544245
1974.9058557573007,475.5730132936733
1965.0527604766485,473.8267540451143
1955.152381944974,472.49854346435495
1945.1920977095142,471.5125193307176
1935.217871670875,470.8138205158775
1925.2313340246344,470.35374624385963
1915.2365010048313,470.09337872202445
1905.2279735056018,470.001053681548
1895.2352666854858,470
1885.2303255796432,470
1875.2294798344374,470
1865.2370696805883,470
1855.2279768977314,470
1845.2373886108398,470
1840,465.23474054038525
1840,455.22564733284526
1840,445.22687265719287
1840,435.22600369155407
1840,425.2352888714522
1839.8086084875831,415.24242502910784
1838.9841724262806,405.27689448418096
1837.4767940186575,395.38477705192054
1835.24261337996,385.6479709078558
1832.2065575633042,376.1233902025924
1828.2649803920049,366.93376778315724
1823.2670855522156,358.2727336883545
1817.0211422332795,350.4989494276233
1809.2767186927813,344.21399631834356
1800.0343068021903,340.5061561213224
1790.1185177690932,340.6163586564944
1781.0892241331749,344.7943156803958
1773.452722787857,351.2320444583893
1766.9617820344865,358.8093484900892
1761.3252416290343,367.07675144448876
1756.394146842009,375.7646740372875
1752.0396895431259,384.771116024458
1748.1954653139474,394.0035288639265
1744.8108292468823,403.410593687091
1741.850949177693,412.9580916405539
1739.1472629665222,422.58779559737013
1735.8909749474842,432.031815315946
1731.8126205329318,441.16076760867145
1726.6472255045082,449.7215554091381
1720.0194221904967,457.1851305280579
1711.5893776863813,462.44731936603785
1702.2766854418296,466.0239592455764
1694.3151775850129,472.03433484020934
1688.413112214921,480.06471025606334
1684.6757014607283,489.3075624967314
1682.9236755371094,499.1352233886719
1682.9700797080295,509.1304882155964
1684.720323198475,518.974995453842
1688.18222337497,528.3413223940443
1693.4418415217224,536.7999513546383
1700.612992492388,543.7535749835661
1709.4480682660378,548.3299876699402
1719.2788539229514,549.9928359290789
1729.2069661860296,550.9357803926832
1738.339862704277,554.8653689026833
1745.4339935283351,561.840686953059
1750.5187227992283,570.4213801961887
1754.3338137948595,579.6740708437428
1757.3778111468127,589.1885923988157
1759.9505486044036,598.8545437547818
1762.2115519111285,608.5953456407351
1764.2604906406777,618.382642395256
1766.1625756025314,628.2110696434975
1767.9538337348054,638.038411599224
1769.6732592251738,647.8964557749587
1771.449479084722,657.7236027161325
1773.3569725082907,667.5480818308188
1775.419685508241,677.3429902937496
1777.6664833411724,687.0800933630253
1780.144158926223,696.7756436800755
1782.8901849719841,706.3736233511736
1785.969878498805,715.8859123943384
1789.4411809463782,725.2654759952711
1793.3652687072754,734.463062286377
1797.8044168000179,743.4355315774792
1802.7812270405557,752.0925216157193
1808.3265826918796,760.4154884492309
1814.4163352918113,768.3603936565341
1820.9824082938576,775.8976591059909
1827.953310611947,783.0485136894767
1835.2654554719684,789.8661869547195
1842.8866668427363,796.3451691092923
1850.8975442257379,802.318259106667
1859.322847301999,807.7267688509164
1868.1535776979435,812.4040267156233
1877.4034578262017,816.1890799579578
1887.0255252477127,818.8986483461322
1896.9120339256478,820.3726914211875
1906.8911751232808,820.5231664067833
1916.822709001879,819.3631920831922
1926.5423689767485,816.9995195566444
1935.9437865188956,813.601396804981
1944.979968888103,809.3521874946309
1953.6674511615984,804.4055087110519
1962.0191590860486,798.8987067118287
1970.0453299187357,792.953939262894
1977.8108989308803,786.6311795173588
2996.359161833456,761.2282341818263
3001.1408906579018,752.4524411559105
3005.349945399561,743.3777081774315
3009.1008102373485,734.1159097385009
3012.487378761842,724.6968018650671
3015.555642411695,715.1933293550974
3018.363585604538,705.583499399698
3020.9344178966476,695.9125750463372
3023.2891608465093,686.2103682508525
3025.455981316476,676.4498295583962
3027.449658480064,666.6344854973211
3029.2746021961793,656.8059283057228
3030.9429063567636,646.9558835971845
3032.4643520190566,637.0706806199469
3033.843224698381,627.1563765355877
3035.0798384176237,617.2407880415683
3036.179557423268,607.3027661830472
3037.1430506889524,597.3438491549439
3037.9678628758415,587.3892778404895
3038.655215674148,577.4047882377384
3039.1994680561493,567.4286657287576
3039.597864902386,557.4294466396475
3039.8430945036475,547.4255907855616
3039.926858981598,537.4266824062381
3039.8386240318714,527.423785079892
3039.565047215705,517.4364305762374
3039.0880917438562,507.44781767725794
3038.385426786166,497.474302016426
3037.427828053309,487.5252917422422
3036.1734924316406,477.5918884277344
3034.5746321228053,467.7326355164039
3032.551092006266,457.9388333186507
3029.9966787427693,448.274734818071
3026.743227783705,438.82229419933174
3022.737585007171,429.648817230689
3018.2510150932303,420.72007327450046
3013.237134594334,412.078892192123
3007.6263165836135,403.78806526612607
3001.3848206211114,395.99101236020215
2994.4374088892946,388.79873820510693
2986.750707971063,382.39467666557175
2978.3449514639015,377.0010964652938
2969.2710997641716,372.8270307326202
2959.6661547683034,370.06198668989236
2949.7627820437774,368.8168134521693
2939.7648640443804,369.0780926870648
2929.908929259167,370.73115209233947
2920.3444891419804,373.5940139802442
2911.1408991888165,377.477657571435
2902.3205086438684,382.2141897191759
2893.926793665465,387.6316956564474
2885.5740500050597,393.1382141293725
2877.1236359663308,398.4936103532091
2868.597977399826,403.71556800603867
2859.8771868757904,408.5766481598839
2851.6405267342925,406.19961366057396
2845.3746601602616,398.42168704228243
2839.4152953839075,390.3848349690088
2833.607560562319,382.24567778175697
2827.8913697699318,374.0354200662114
2822.2536059283448,365.788999859069
2816.664993872284,357.4928322969936
2811.245425972533,349.0846253332245
2805.8210574737677,340.6736351368363
2800.2994883060455,332.3562620282173
2794.580819106959,324.14344987050026
2788.544796920207,316.167103162632
2781.9039699323475,308.705804922618
2773.921922568232,302.7397256018594
2764.2481072128867,302.31621610677394
2756.2433096091263,308.2080355141079
2750.3638657579722,316.1752049096249
2748.2647561120466,325.93808402518994
2747.2621154140616,335.89300186679066
2746.7236498198763,345.8653933676062
2746.4621044546366,355.8655620440841
2746.3947437998213,365.86294444887676
2746.4754814599637,375.8681341100348
2746.675926127118,385.85974693824573
2746.977835949759,395.8532157783686
2747.369221780775,405.85871436375396
2747.83995451585,415.84201709883746
2748.3849715128417,425.82758204399033
2748.999636425858,435.80445336781236
2749.682688629564,445.7904748370911
2750.431321968583,455.75989726920125
2751.246364193566,465.72237756675537
2752.1300554230106,475.68557000919395
2753.083616833901,485.62976561451796
2754.114706537035,495.58412989942866
2755.22885224881,505.53135888623206
2756.4347960545706,515.4588615150599
2757.7474862633935,525.3686461472189
2759.1901156473905,535.2668841583654
2760.7932481267285,545.1230204316182
2762.6213582992677,554.9586468921752
2764.787346997368,564.7223632004959
2767.591825612122,574.3076037451392
2772.856598255661,582.5543434333667
2781.943451415951,586.691141748699
2791.76516041602,588.4454347618157
2801.7374468224916,588.1359185761376
2811.5348281592596,586.2204748525983
2821.0336333551204,583.0858852620822
2830.1685022644233,579.027123365202
2838.948645618275,574.2438884617313
2847.386105106474,568.880433685481
2855.4996647539956,563.0396522728988
2863.307743687121,556.7973714154523
2870.8394582987567,550.199416817688
2878.083728261383,543.3124337233148
2885.0666627452883,536.1595300949557
2891.787582828081,528.7553059206111
2898.469892010544,521.3115103175369
2905.2123260382796,513.9294717508601
2912.0984981691636,506.6849373362911
2919.3447943106294,499.7805651500821
2927.578277761,494.1939022861188
2936.9193654461997,495.5981764035532
2943.5463591968874,503.0456258637132
2949.027166721993,511.39507737208623
2952.568150947918,520.7192924671108
2954.546604497009,530.5271480773808
2955.3978768148354,540.4773935584581
2955.4400241759868,550.4757718978362
2954.880077071488,560.4679063335061
2953.860334061086,570.414785258472
2952.4782256862527,580.3205561050709
2950.806412680513,590.1700193740635
2948.8943344140425,599.9805463524535
2946.7799711563403,609.7589843861431
2944.4942794329563,619.504202832477
2942.0661261849436,629.1997956384057
2939.5101164186544,638.8683314323407
2936.8459904521005,648.4976221300894
2934.080242334865,658.1134004099295
2931.2286694457557,667.7002209522163
2928.320487857447,677.2567426615715
2925.5207702731277,686.8643578465981
2922.853433199227,696.5118486238644
2920.323017790288,706.176475955579
2917.930596241844,715.8813303441711
2915.693711853004,725.6306138680229
2913.6472927107243,735.4283297056827
2911.8615211090073,745.2701937385136
2910.4910343512893,755.1580954501405
2910.011995804729,765.155751866987
2910.670259504608,775.1170452040096
2914.3924011904746,784.2365141119808
2923.1969327926636,788.6553506851196
2933.114138609584,789.7866182325233
2943.1069142710476,789.9990801885433
2953.093325316906,789.6859031319618
2962.992901432328,788.3150001624599
2972.497347209486,785.2713140199194
2981.0384611652553,780.1013553525117
2988.1583760690264,773.1022699061577
1333.0065943000227,721.9934024815448
1339.1683321414748,714.1487654857337
1344.6447567939758,705.7664642333984
1349.8249621100695,697.2240896211006
1354.8338101275003,688.5724840038456
1359.7197538862092,679.8399654370733
1364.5020071862964,671.052355710417
1369.1944514588686,662.2195194326341
1373.801252256133,653.3547642459162
1378.3370971430704,644.441003173124
1382.7988955801175,635.4878239397076
1387.2508214121917,626.5319111536955
1391.8297710023562,617.6465211252271
1396.5204340406926,608.826696422766
1401.344079434566,600.0632281784929
1406.3122129720869,591.3887843814446
1411.4718295931816,582.8203318715096
1416.9184048987227,574.41812060948
1422.9456303194165,566.4675539061427
1429.7716242996976,568.0542893400416
1434.7924316780263,576.6927197557379
1439.6332319193898,585.4517534519109
1444.3783339666988,594.2537251009344
1449.0566831749165,603.0826777556213
1453.690224745893,611.9491512161912
1458.2764171290764,620.8325214973156
1462.8234686323995,629.7404808048595
1467.332725380431,638.6723576806253
1471.7822947526256,647.6297720773964
1476.2701738029718,656.5580190047622
1480.8663982387625,665.449304927899
1485.6035754011718,674.2571327926107
1490.5462673448492,682.9362047965406
1495.82421875,691.447265625
1501.596368536033,699.6041939466813
1508.184911942837,707.1121428856131
1516.0274191910867,713.2822456186404
1525.252401029691,717.055339098908
1535.137556867052,718.4241097260692
1545.1295230023097,718.6630557969911
1554.992757572094,717.1724404921988
1564.0907894230913,713.1188782312674
1571.5199763656128,706.468822085415
1577.080460961366,698.1796561107312
1581.2285743888933,689.0852074326249
1584.4188524205238,679.6126237781718
1586.9628347885337,669.9352878797963
1589.0475517389764,660.1678939467345
1590.8046865817992,650.321617816541
1592.3127508866305,640.4428338402547
1593.631362047116,630.5314144356901
1594.8017421454751,620.5917207205002
1595.8512281546537,610.654773494256
1596.8066954792844,600.6848372137999
1597.680821582675,590.7357433959842
1598.4921256315429,580.7557136007817
1599.2471530260805,570.8003520597892
1599.9589298889846,560.8158277122923
1600.6316747083874,550.8438126479214
1601.2726132394455,540.8670082323224
1601.8864295901258,530.8899082667031
1602.52517247735,520.8957283220398
1603.1531850993501,510.92042393223505
1603.758782516435,500.9416185429046
1604.3397010309745,490.9492809776584
1604.8905874758516,480.9806810672401
1605.4104148455954,470.9865889786888
1605.8932542871112,460.9951781399129
1606.3339651802894,451.00827407956353
1606.7273317575455,441.0062156319618
1607.0648344782821,431.0255356721318
1607.3391268067317,421.0329535140536
1607.5395913140092,411.02937473547354
1607.6531842843106,401.02376813707815
1607.6641497356177,391.0331858094578
1607.5526808240006,381.0262922519339
1607.2936068440358,371.02864817591944
1606.8546642810106,361.0454089716077
1606.1914166397896,351.0577464490127
1605.2484433464683,341.11103910764155
1603.944934583731,331.2002653765576
1602.1688276976347,321.3527918383479
1599.7687779921798,311.6489793672499
1596.528792064375,302.1876348359947
1592.1852152167994,293.1837080023688
1586.4977777730965,284.9778810025455
1579.4191861394793,277.9522109190002
1571.2850249608018,272.1325260745798
1562.7659364705905,266.90927710291
1553.4444973403588,263.37970275525004
1543.6740436600521,264.51922120619565
1535.2942594744964,269.92575698241126
1528.2389527586056,276.9760113992961
1523.9640958056116,285.95865237321414
1521.9073217866244,295.7353990924312
1520.972407324356,305.6975524601294
1520.615209157464,315.68854328839916
1520.5857519610017,325.67757271358096
1520.7588099474087,335.68728010263294
1521.0637399478876,345.67443629878267
1521.459381006649,355.67615009535257
1521.9177912243904,365.6656089548924
1522.420651324077,375.64094026724524
1522.9568737493955,385.6303684737959
1523.5164677874493,395.61373339985744
1524.08028075099,405.6056150197983
1524.579392025189,415.58784050378017
1525.0787423036163,425.5748460723262
1525.5783904137206,435.5678082744125
1526.0774647328071,445.5492946561426
1526.5771831089514,455.5436621790286
1527.0757984934098,465.5159698681964
1527.5757846952401,475.5156939048029
1528.0747383795097,485.4947675901931
1528.5742801479064,495.48560295812786
1529.0740092989872,505.4801859797444
1529.5733047910035,515.4660958200693
1529.011838806793,522.9372606035322
1522.2081456694286,515.6200811916497
1515.3947762363532,508.2924951975874
1508.586098141288,500.9699546047814
1501.77367042462,493.64338140006294
1494.9618647548778,486.31747718920815
1488.1590037392743,479.001192700729
1481.3484667659213,471.67665293693426
1474.520254276751,464.35623421637865
1467.6445615846314,457.1002173350571
1460.707722902298,449.8960250020027
1453.7110303017616,442.7601063476777
1446.6357479654253,435.69862657692283
1439.455682547683,428.73018947430865
1432.1356863132678,421.90841127128806
1424.581899035722,415.3655783953145
1416.2173637449741,410.0145261064172
1406.3686378600687,411.5062247240421
1397.392616965226,415.83131808333565
1389.5742700081755,422.0493838595139
1382.7592343511878,429.3554876741091
1376.6909629153724,437.30575259063517
1371.187037800788,445.6407518183114
1366.0888063343154,454.2593143972772
1361.3218840244372,463.046264328339
1356.811111492485,471.9617805391954
1352.4981847496965,480.9903574569471
1348.3526326611482,490.0959462584633
1344.3530314783075,499.24561119352984
1340.460348677949,508.46608192363124
1336.6926201179158,517.7334894039668
1332.9616908289208,527.0042833948028
1329.2272830386391,536.2837209342906
1325.4943279714498,545.5595486770035
1321.7630353813583,554.8312454160186
1318.0304679952096,564.1061098300852
1314.2953408191388,573.3873349342612
1310.5625140535121,582.6628438670305
1306.828098982718,591.9422994974884
1303.1470948308706,586.758009955287
1299.4809570554644,577.4516602177173
1295.816802347923,568.1503444216505
1292.1096305176616,558.8617533221841
1289.003957640729,549.3623470013263
1286.5508940754225,539.6781834001886
1284.461869644685,529.8901226272137
1282.6310688480735,520.0663807466626
1280.9948389512283,510.18864722047874
1279.5266788891804,500.30049369597873
1278.2054939434984,490.3965653782343
1277.018575720489,480.4643432870507
1275.9629296425355,470.5200332387594
1275.0374834681425,460.5537667085737
1274.248835596989,450.58795516559803
1273.5574066080735,440.6072167867678
1272.827237323635,430.64527083400844
1272.0384992431864,420.6771824274256
1271.1791861830934,410.70758947097784
1270.235208043654,400.7534226453281
1269.1863041547467,390.81221976951656
1268.0044232667424,380.8733328762464
1266.657433293266,370.971443919846
1265.0928933470786,361.09407381693745
1263.242353836562,351.27622160275496
1260.9924462779818,341.5205115212375
1258.1841218427871,331.9300342667266
1254.537084896474,322.61993583771255
1249.614350836724,313.9372659958899
1242.8293454343802,306.6318135543843
1234.0757602327503,301.9010263304226
1224.27567322908,300.09593328410847
1214.3032970914646,300.5232677434833
1204.5711431136588,302.7586160838837
1195.2197112940485,306.27328857651446
1186.3698921203613,310.91508865356445
1178.2813018370653,316.79477090074215
1171.6095824092627,324.20848106592894
1166.784253977734,332.93939116342517
1163.7777180077137,342.46692400165375
1162.1887395922095,352.327530589886
1161.5846484978647,362.3172414639248
1161.6589867218572,372.30583600081445
1162.2097013866005,382.2943312168791
1163.10530759132,392.2560216491245
1164.257875266052,402.19065386279726
1165.6075237860023,412.10540289844175
1167.107695377806,421.97995771892397
1168.732680247092,431.8550887796516
1170.4545442088602,441.7055987353251
1172.2558033189694,451.537871106156
1174.1229084045335,461.3567585146375
1176.0480723747473,471.1806424136455
1178.016273477811,480.97971203997326
1180.0231289227554,490.769904591574
1182.0655576260604,500.565822253889
1184.089507639408,510.3610226660967
1186.0351955693914,520.1671727756911
1187.9312850013375,529.9893157798797
1189.7822148350097,539.8196482457606
1191.5908080589725,549.6556944373006
1193.3557792742504,559.4824565407762
1195.0851773548202,569.3464858976404
1196.767671054593,579.1933374940891
1198.406825002865,589.0639134033408
1199.9924723408622,598.9316352318237
1201.5194705036702,608.8207092249359
1202.9706872412935,618.7140714500565
1204.3216801219387,628.6111647585349
1205.5616810231004,638.5384533208562
1206.9590336084366,648.445065677166
1208.6471661388387,658.3030859086848
1210.7222107316193,668.0902852589352
1213.3050038199872,677.7386507848278
1216.560851074959,687.1906877375586
1220.669742751168,696.3099968474125
1225.7741035429353,704.8913271377533
1231.9397988028359,712.7650841638679
1239.0521042114124,719.7836549282074
1246.9766211509705,725.8688812255859
1255.5983169050887,730.9271161556244
1264.771694385563,734.8679394125938
1274.3821716308594,737.624755859375
1284.2696890159277,739.1129793524742
1294.2514510927722,739.2461698055267
1304.170225127018,737.9255217909813
1313.7377321124077,735.0560264587402
1322.6501043260796,730.5712952017784
1330.5625894591212,724.4688482284546
2591.799270111893,620.014567874917
2600.672340437037,615.4015190068621
2609.508220859376,610.7102484650113
2618.2596446643274,605.8940124720448
2626.9047671014705,600.8517811577913
2635.3206780580804,595.4790166234598
2643.408439577557,589.5685036452487
2650.887810822069,582.9578837690151
2657.5187653979956,575.4875856996368
2663.1251457501057,567.2059992631403
2667.755292231055,558.3461436646376
2671.641581326563,549.1367955953028
2675.0355807953583,539.7221429999827
2678.117559541717,530.2175311538685
2681.0228332624374,520.6493562792803
2683.8331190426397,511.04552157422586
2686.569558197385,501.4354772460647
2689.0579269725713,491.7464677964381
2691.2357938431696,481.99046513843496
2693.078759915932,472.1638312698269
2694.558125351332,462.2659896874684
2695.6388053864703,452.32141914620297
2696.285086996305,442.35589468516264
2696.460363257266,432.35547980074625
2696.1214254765127,422.3525242910837
2695.2265831449113,412.40039451378834
2693.731032245315,402.5144944856511
2691.593980583279,392.7504806386205
2688.778609910034,383.1629672762938
2685.252314513979,373.80528061329824
2681.0029367235106,364.7600098611656
2676.0231451778473,356.08660867548315
2670.33582481301,347.8660657214932
2663.9711911524773,340.1531985933543
2656.986062039141,333.00429305108264
2649.441495327645,326.45020668696816
2641.3964876629416,320.5006157759417
2632.933744682625,315.16695007104863
2624.1303574560134,310.4413335899517
2615.0339803046118,306.2936976268611
2605.7092823508865,302.70057432958856
2596.1832270454815,299.6235058228558
2586.5392736362865,297.04248293762794
2576.7584263086337,294.9102201558999
2566.8991396622732,293.2029252946377
2556.9984716635518,291.89124930324033
2547.044197996802,290.94245214527473
2537.065911327838,290.33236341550946
2527.066756245298,290.03667644115194
2517.060779759733,290.0456229568954
2507.0660077258945,290.451883725822
2497.12560125404,291.3643289741449
2487.2348008155823,292.91521692276
2477.525362432003,295.24286741018295
2468.073832754846,298.5079226386588
2459.062745160447,302.827854654528
2450.6685639227053,308.25219757019477
2443.0461714248904,314.72042181863253
2436.2841110751033,322.06390272825956
2430.34018605492,330.1206329024717
2425.1642150003117,338.6713405290593
2420.6441452841336,347.57236897646544
2416.657672161802,356.74917162261954
2413.1225833745993,366.0993412517564
2409.9535652657705,375.58323635734814
2407.084011071399,385.16960168336914
2404.4661157213995,394.8149736107007
2402.051855583675,404.5197039367631
2399.890928744455,414.29173318773974
2398.1133638694882,424.1366944387555
2396.9892515032698,434.0637732793257
2396.9748768158024,444.05532215943094
2398.40017687995,453.9363729180768
2401.149335508235,463.548612405546
2404.808625120104,472.8531958941476
2409.011405554558,481.9293739685545
2413.5188117032085,490.8473035211355
2418.209883342497,499.69255658518523
2422.8383851973613,508.54775898443586
2427.2964082240505,517.490079787458
2431.657906561726,526.4950997325213
2435.9229431152344,535.5464782714844
2440.089193346561,544.6392791798571
2444.146172511668,553.7673212760565
2448.0916476054117,562.9663515640423
2451.885122053194,572.2224654835736
2455.468518356778,581.5578768246196
2458.700676729786,591.0177545471815
2462.1695366640724,600.3831768298023
2466.515778662986,609.3883807301754
2471.543176217945,618.0264133243381
2477.1644482538104,626.3085901811719
2483.3157882185333,634.1771366640314
2490.0285641442315,641.5966892281285
2497.351002983918,648.3944655520663
2505.476424569628,654.2139896974986
2514.758288544952,657.755664004595
2524.2036781237694,655.0761776008876
2533.1362711270776,650.5997707518254
2542.039996187319,646.0318716383772
2550.906839118208,641.4354934425646
2559.779909275503,636.8052038915648
2568.6362897299496,632.1604307304751
2577.4793089008745,627.5034265331778
